acc_12000 = 0.7592814371257485
acc_15000 = 0.7499001996007985
acc_18000 = 0.7722554890219561
acc_21000 = 0.7578842315369262
acc_24000 = 0.7728542914171657
acc_27000 = 0.7638722554890219
acc_3000 = 0.7221556886227545
acc_30000 = 0.7572854291417166
acc_33000 = 0.7620758483033933
acc_36000 = 0.7622754491017965
acc_39000 = 0.7662674650698603
acc_42000 = 0.7638722554890219
acc_45000 = 0.7698602794411178 *
acc_48000 = 0.7592814371257485
acc_51000 = 0.7662674650698603
acc_54000 = 0.7652694610778443
acc_57000 = 0.7688622754491018
acc_6000 = 0.7409181636726547
acc_60000 = 0.7678642714570858
acc_9000 = 0.7449101796407186
