corr_100 = 0.7568049118168901
corr_1000 = 0.7941818907492288
corr_1100 = 0.7960957280425669
corr_1200 = 0.798377676971983
corr_1300 = 0.7985201404988386
corr_1400 = 0.7979955682347963
corr_1500 = 0.798406732156244
corr_1600 = 0.8001154630325802
corr_1700 = 0.8004228619595419
corr_1800 = 0.7998398506211651
corr_200 = 0.7889048049503828
corr_300 = 0.7927027961711699
corr_400 = 0.7929391293800349
corr_500 = 0.7957873472383035
corr_600 = 0.7958559380322303
corr_700 = 0.7973445663224437
corr_800 = 0.7957202235275809
corr_900 = 0.7997291721433186
pearson_100 = 0.7604007599043171
pearson_1000 = 0.7962003018387298
pearson_1100 = 0.8000837965798403
pearson_1200 = 0.8007267592441721
pearson_1300 = 0.8015196730685329
pearson_1400 = 0.8004879356872617
pearson_1500 = 0.8007420355242271
pearson_1600 = 0.803348350349557
pearson_1700 = 0.8030845946828852
pearson_1800 = 0.8023499687052318
pearson_200 = 0.7935384215681235
pearson_300 = 0.7938000507946761
pearson_400 = 0.7966372051682428
pearson_500 = 0.7990038454322838
pearson_600 = 0.8002677154212576
pearson_700 = 0.8012632763442266
pearson_800 = 0.7986681662372003
pearson_900 = 0.8025815709533047
spearmanr_100 = 0.7532090637294632
spearmanr_1000 = 0.7921634796597279
spearmanr_1100 = 0.7921076595052936
spearmanr_1200 = 0.7960285946997938
spearmanr_1300 = 0.7955206079291443
spearmanr_1400 = 0.7955032007823309
spearmanr_1500 = 0.7960714287882609
spearmanr_1600 = 0.7968825757156035
spearmanr_1700 = 0.7977611292361988
spearmanr_1800 = 0.7973297325370985
spearmanr_200 = 0.7842711883326423
spearmanr_300 = 0.7916055415476636
spearmanr_400 = 0.789241053591827
spearmanr_500 = 0.7925708490443231
spearmanr_600 = 0.7914441606432031
spearmanr_700 = 0.7934258563006609
spearmanr_800 = 0.7927722808179616
spearmanr_900 = 0.7968767733333325
