 official_exact_match = 59.577416002771045
 official_f1 = 84.10332710892715
