 official_exact_match = 62.10599237963284
 official_f1 = 86.51238980866874
