 official_exact_match = 60.44336681676481
 official_f1 = 84.38177853396074
