 official_exact_match = 61.44786976099758
 official_f1 = 85.63060831986343
