 official_exact_match = 62.15794942847246
 official_f1 = 86.63928790609174
