 official_exact_match = 62.07135434707309
 official_f1 = 86.56023360211945
