 official_exact_match = 60.51264288188431
 official_f1 = 84.9915816529649
