 official_exact_match = 56.52926913751299
 official_f1 = 81.65290438492526
