 official_exact_match = 61.04953238656044
 official_f1 = 85.31626624953459
