 official_exact_match = 59.45618288881192
 official_f1 = 84.0630654202851
