 official_exact_match = 62.57360581918947
 official_f1 = 86.94724321397896
