 official_exact_match = 60.98025632144094
 official_f1 = 85.22942982551166
