 official_exact_match = 59.473501905091794
 official_f1 = 84.55643144377117
