 official_exact_match = 61.18808451679944
 official_f1 = 85.70123304300492
