 official_exact_match = 61.915483200554206
 official_f1 = 86.39306667763837
