 official_exact_match = 60.99757533772082
 official_f1 = 85.26352568174141
