 official_exact_match = 62.08867336335296
 official_f1 = 86.39760720160359
