 official_exact_match = 62.95462417734673
 official_f1 = 87.20201558308797
