 official_exact_match = 55.490128160720474
 official_f1 = 81.71819273248231
