 official_exact_match = 61.13612746795982
 official_f1 = 85.80961645944893
