 official_exact_match = 58.97125043297541
 official_f1 = 84.16317648838802
