 official_exact_match = 57.86283339106339
 official_f1 = 82.64239867827605
