 official_exact_match = 58.22653273294077
 official_f1 = 83.56793045397265
