 official_exact_match = 61.30931763075857
 official_f1 = 85.75603647983436
