f1_1000 = 0.8092321155108291
f1_10000 = 0.8540364908772807
f1_11000 = 0.8573079145002888
f1_12000 = 0.8593940699260535
f1_13000 = 0.8571122651105519
f1_14000 = 0.8591509097395648
f1_15000 = 0.8597907644049974
f1_16000 = 0.8577983295694878
f1_17000 = 0.8606121389043108
f1_18000 = 0.8595233829062893
f1_19000 = 0.8611255256329964
f1_2000 = 0.8278234014178423
f1_20000 = 0.8625416025480442
f1_21000 = 0.8631518808805413
f1_22000 = 0.8622585597486523
f1_23000 = 0.8633060040814865
f1_24000 = 0.8634839820010399
f1_25000 = 0.8640397967217809
f1_3000 = 0.8427158209380117
f1_4000 = 0.8463575452752057
f1_5000 = 0.8520570888940363
f1_6000 = 0.8515701189779599
f1_7000 = 0.8547502165752238
f1_8000 = 0.8515196811160937
f1_9000 = 0.8579105760963027
loss_1000 = 0.25781568612011385
loss_10000 = 0.2901365263781077
loss_11000 = 0.30328058482895437
loss_12000 = 0.3205533648880435
loss_13000 = 0.33704445311720943
loss_14000 = 0.33595227712476755
loss_15000 = 0.34711085616702764
loss_16000 = 0.35218788830327313
loss_17000 = 0.3591621843442111
loss_18000 = 0.3794604541969971
loss_19000 = 0.37772394737727205
loss_2000 = 0.2323013961734906
loss_20000 = 0.3901936048772973
loss_21000 = 0.3974319902104391
loss_22000 = 0.4044446844450185
loss_23000 = 0.4053095453222033
loss_24000 = 0.4075304062013895
loss_25000 = 0.4105365022387303
loss_3000 = 0.2256428085162606
loss_4000 = 0.23636728126398274
loss_5000 = 0.2236901771434596
loss_6000 = 0.24217241960512081
loss_7000 = 0.2643379501893487
loss_8000 = 0.2787685992432312
loss_9000 = 0.2942207319215989
precision_1000 = 0.8209661907227935
precision_10000 = 0.8483118172790467
precision_11000 = 0.8611010372089649
precision_12000 = 0.8581618754032547
precision_13000 = 0.8510223608207236
precision_14000 = 0.8527016500247858
precision_15000 = 0.8526033014032731
precision_16000 = 0.8553760366028024
precision_17000 = 0.8575252507227239
precision_18000 = 0.8568519577022007
precision_19000 = 0.857305732711013
precision_2000 = 0.8086390126842646
precision_20000 = 0.8587002992731937
precision_21000 = 0.857411414180825
precision_22000 = 0.856418439716312
precision_23000 = 0.8598274140636143
precision_24000 = 0.8612452168937524
precision_25000 = 0.8602223330720444
precision_3000 = 0.83428450644684
precision_4000 = 0.836971422545608
precision_5000 = 0.8447270800211977
precision_6000 = 0.840232338430316
precision_7000 = 0.8582819862268938
precision_8000 = 0.8431179082387765
precision_9000 = 0.8550310647718347
recall_1000 = 0.7978287439787188
recall_10000 = 0.8598389531957725
recall_11000 = 0.8535480624056366
recall_12000 = 0.8606298080379611
recall_13000 = 0.8632899561435042
recall_14000 = 0.8656984686174419
recall_15000 = 0.8671004385649579
recall_16000 = 0.8602343806168667
recall_17000 = 0.8637213315119706
recall_18000 = 0.8622115177223381
recall_19000 = 0.8649795096699978
recall_2000 = 0.8479401826155727
recall_20000 = 0.866417427564886
recall_21000 = 0.8689697318283126
recall_22000 = 0.8681788769861241
recall_23000 = 0.8668128549859803
recall_24000 = 0.8657344165648142
recall_25000 = 0.8678912934071464
recall_3000 = 0.85131928966856
recall_4000 = 0.8559565748795743
recall_5000 = 0.8595154216694226
recall_6000 = 0.8632180602487598
recall_7000 = 0.8512473937738155
recall_8000 = 0.860090588827378
recall_9000 = 0.8608095477748221
