f1_1000 = 0.8013079645699707
f1_10000 = 0.8352033159436861
f1_11000 = 0.8380834072759538
f1_12000 = 0.8374993241903801
f1_13000 = 0.8418497563761624
f1_14000 = 0.8391610881640792
f1_15000 = 0.842500314245183
f1_16000 = 0.8416434838433555
f1_17000 = 0.8414288278585532
f1_18000 = 0.8441900934680038
f1_19000 = 0.8440255830111704
f1_2000 = 0.8235252170502558
f1_20000 = 0.8442810224189632
f1_21000 = 0.8451329811050418
f1_22000 = 0.8465197796695042
f1_23000 = 0.8476788044546933
f1_24000 = 0.8490987369812603
f1_25000 = 0.848817265775745
f1_3000 = 0.8270187659937446
f1_4000 = 0.8333985417037169
f1_5000 = 0.8338533261610185
f1_6000 = 0.8369672943508425
f1_7000 = 0.8352915967286882
f1_8000 = 0.8345220601412136
f1_9000 = 0.8347472731161331
loss_1000 = 0.25276870311985555
loss_10000 = 0.3622934719626333
loss_11000 = 0.366287929911009
loss_12000 = 0.3825905010314055
loss_13000 = 0.397180974063739
loss_14000 = 0.4085997976887394
loss_15000 = 0.38498710683533843
loss_16000 = 0.41590333152824727
loss_17000 = 0.42681682823409495
loss_18000 = 0.4335228548923009
loss_19000 = 0.4565537601289615
loss_2000 = 0.23137450491038847
loss_20000 = 0.4567728432970987
loss_21000 = 0.47521789560855277
loss_22000 = 0.4673779938422458
loss_23000 = 0.4817350981101184
loss_24000 = 0.4900051707952795
loss_25000 = 0.49369528805705865
loss_3000 = 0.24562357156209544
loss_4000 = 0.2616699738821513
loss_5000 = 0.26733383704239216
loss_6000 = 0.2814022850402644
loss_7000 = 0.30898080682250817
loss_8000 = 0.32818839058909616
loss_9000 = 0.3451964017790808
precision_1000 = 0.8031116073036338
precision_10000 = 0.8324074074074074
precision_11000 = 0.8297491039426523
precision_12000 = 0.8419755770554771
precision_13000 = 0.8381845967942567
precision_14000 = 0.8334630074975244
precision_15000 = 0.843939993524481
precision_16000 = 0.8372835651433438
precision_17000 = 0.8425479905097419
precision_18000 = 0.844841825559266
precision_19000 = 0.838839902262828
precision_2000 = 0.8190135101592142
precision_20000 = 0.8406796530641263
precision_21000 = 0.8443617363919408
precision_22000 = 0.8445261204681701
precision_23000 = 0.8453064280366501
precision_24000 = 0.846181235534983
precision_25000 = 0.8459757834757835
precision_3000 = 0.819908386187456
precision_4000 = 0.8268402851295081
precision_5000 = 0.8340627017720066
precision_6000 = 0.8264364602264784
precision_7000 = 0.8320526503023835
precision_8000 = 0.8342529559297742
precision_9000 = 0.8299546356677062
recall_1000 = 0.7995124049906783
recall_10000 = 0.8380180696974042
recall_11000 = 0.8465868349347483
recall_12000 = 0.8330704144557579
recall_13000 = 0.8455471102825183
recall_14000 = 0.8449376165208662
recall_15000 = 0.8410655385056647
recall_16000 = 0.8460490463215259
recall_17000 = 0.8403126344471533
recall_18000 = 0.8435393661264878
recall_19000 = 0.8492757780008605
recall_2000 = 0.8280869066398967
recall_20000 = 0.847913380180697
recall_21000 = 0.8459056360246666
recall_22000 = 0.848522873942349
recall_23000 = 0.8500645346335867
recall_24000 = 0.8520364262154023
recall_25000 = 0.851677900473254
recall_3000 = 0.8342535494048473
recall_4000 = 0.8400616664276495
recall_5000 = 0.8336440556431952
recall_6000 = 0.8477699698838377
recall_7000 = 0.8385558583106267
recall_8000 = 0.8347913380180697
recall_9000 = 0.8395955829628567
