acc_12000 = 0.807185628742515
acc_15000 = 0.7932135728542914
acc_18000 = 0.8037924151696607
acc_21000 = 0.7922155688622754
acc_24000 = 0.7972055888223553
acc_27000 = 0.7996007984031936
acc_3000 = 0.8009980039920159
acc_30000 = 0.8011976047904191
acc_6000 = 0.8063872255489022
acc_9000 = 0.8047904191616766
