 official_exact_match = 57.360581918947005
 official_f1 = 82.85785396633759
