 official_exact_match = 59.490820921371665
 official_f1 = 83.7349210814077
