 official_exact_match = 60.252857637686176
 official_f1 = 84.38942875485571
