 official_exact_match = 59.33494977485279
 official_f1 = 83.4267000399322
