 official_exact_match = 59.83720124696917
 official_f1 = 84.08773592739382
