 official_exact_match = 59.594735019050916
 official_f1 = 83.85977170102439
