 official_exact_match = 59.62937305161067
 official_f1 = 83.59925568833327
