 official_exact_match = 59.31763075857291
 official_f1 = 83.43239005240557
