 official_exact_match = 60.11430550744718
 official_f1 = 84.28635836980068
