 official_exact_match = 60.270176653966054
 official_f1 = 84.27873541743169
