 official_exact_match = 56.77173536543124
 official_f1 = 81.520602852796
