 official_exact_match = 53.46380325597506
 official_f1 = 78.38442153139137
