 official_exact_match = 59.802563214409425
 official_f1 = 84.26978267312177
