acc_10000 = 0.9162
acc_12000 = 0.91596
acc_14000 = 0.91764
acc_16000 = 0.91812
acc_18000 = 0.91904
acc_2000 = 0.91716
acc_4000 = 0.91922
acc_6000 = 0.91966
acc_8000 = 0.9162
