acc_100 = 0.9287598944591029
acc_200 = 0.9432717678100264
acc_300 = 0.945910290237467
acc_400 = 0.9340369393139841
acc_500 = 0.9485488126649076
acc_600 = 0.9445910290237467
acc_700 = 0.945910290237467
acc_800 = 0.9472295514511874
acc_900 = 0.9472295514511874
