corr_100 = 0.17403518818684932
corr_200 = 0.18538673825509072
corr_300 = 0.21723376894874274
corr_400 = 0.24902572887555752
corr_500 = 0.24304680995801792
corr_600 = 0.23040239387356443
corr_700 = 0.24143671769545366
corr_800 = 0.22259856229459704
corr_900 = 0.22912428953588587
pearson_100 = 0.18212882006451775
pearson_200 = 0.20305231146180397
pearson_300 = 0.22599041686979146
pearson_400 = 0.2527805144562303
pearson_500 = 0.2454149632503537
pearson_600 = 0.2336336280283217
pearson_700 = 0.24657229474464057
pearson_800 = 0.22507128248026811
pearson_900 = 0.232092357490874
spearmanr_100 = 0.16594155630918087
spearmanr_200 = 0.16772116504837747
spearmanr_300 = 0.20847712102769403
spearmanr_400 = 0.24527094329488472
spearmanr_500 = 0.24067865666568214
spearmanr_600 = 0.22717115971880714
spearmanr_700 = 0.23630114064626678
spearmanr_800 = 0.22012584210892597
spearmanr_900 = 0.22615622158089776
