f1_1000 = 0.7780916450224657
f1_10000 = 0.8504418384927472
f1_11000 = 0.8506436189775654
f1_12000 = 0.639899490373726
f1_13000 = 0.5722754703585375
f1_14000 = 0.42146526088131925
f1_15000 = 0.5080874696286012
f1_16000 = 0.6910841131528564
f1_17000 = 0.81269806578516
f1_18000 = 0.8307204894302727
f1_19000 = 0.8570796215348863
f1_2000 = 0.8206656361164397
f1_20000 = 0.8531358278182117
f1_21000 = 0.8558067604389131
f1_22000 = 0.8586862655029857
f1_23000 = 0.8577251445882677
f1_24000 = 0.8581393641236508
f1_25000 = 0.8592818777131926
f1_3000 = 0.831869787265312
f1_4000 = 0.8380969841415347
f1_5000 = 0.8416957533449679
f1_6000 = 0.8463757531495345
f1_7000 = 0.848974358974359
f1_8000 = 0.8489674868189806
f1_9000 = 0.8517883164554627
loss_1000 = 0.31761608115384277
loss_10000 = 0.27093695607823387
loss_11000 = 0.29152101970894234
loss_12000 = 0.4509924658587281
loss_13000 = 0.4933820601920007
loss_14000 = 0.6199098913602425
loss_15000 = 0.513147233237683
loss_16000 = 0.3881869202768299
loss_17000 = 0.32467833140366514
loss_18000 = 0.3255824167543734
loss_19000 = 0.3170336296021099
loss_2000 = 0.24292199985242227
loss_20000 = 0.32187856209110205
loss_21000 = 0.3326296239671573
loss_22000 = 0.33774159030175543
loss_23000 = 0.344366687284389
loss_24000 = 0.34774501558760523
loss_25000 = 0.3498547152734139
loss_3000 = 0.23130445350223863
loss_4000 = 0.23118908997152893
loss_5000 = 0.22391766918377137
loss_6000 = 0.2317828855044405
loss_7000 = 0.24712152988977834
loss_8000 = 0.2656821457433029
loss_9000 = 0.27473693141635036
precision_1000 = 0.8020401782224654
precision_10000 = 0.8558803788500261
precision_11000 = 0.849737315845549
precision_12000 = 0.6160267111853088
precision_13000 = 0.5524863771890743
precision_14000 = 0.4431675126903553
precision_15000 = 0.4805804524114383
precision_16000 = 0.6722361459203564
precision_17000 = 0.8041448909713462
precision_18000 = 0.8217579250720461
precision_19000 = 0.858710917288787
precision_2000 = 0.830393487109905
precision_20000 = 0.8496311984225516
precision_21000 = 0.8559013073098877
precision_22000 = 0.8570642605633803
precision_23000 = 0.8554790506885438
precision_24000 = 0.8557203002013546
precision_25000 = 0.8586185347204353
precision_3000 = 0.8301616983830161
precision_4000 = 0.8346844872918493
precision_5000 = 0.8313283298021331
precision_6000 = 0.8395088558078887
precision_7000 = 0.844673639709902
precision_8000 = 0.8442996031023559
precision_9000 = 0.8535043619695402
recall_1000 = 0.7555318287250101
recall_10000 = 0.8450719782040426
recall_11000 = 0.8515518574426567
recall_12000 = 0.6656971392805862
recall_13000 = 0.5935348477596554
recall_14000 = 0.40178933028975367
recall_15000 = 0.5389345016751961
recall_16000 = 0.7110194764552115
recall_17000 = 0.8214351459813704
recall_18000 = 0.8398807113140164
recall_19000 = 0.8554545119840948
recall_2000 = 0.8111630646883399
recall_20000 = 0.856669489341335
recall_21000 = 0.8557122344538125
recall_22000 = 0.8603144214130555
recall_23000 = 0.85998306395199
recall_24000 = 0.8605721438827731
recall_25000 = 0.859946246456316
recall_3000 = 0.8335849195537719
recall_4000 = 0.8415374986193439
recall_5000 = 0.8523250248518096
recall_6000 = 0.8533559147306801
recall_7000 = 0.8533190972350061
recall_8000 = 0.8536872721917456
recall_9000 = 0.850079157615699
