 official_exact_match = 0.36369934187738134
 official_f1 = 5.689506813184125
