acc_12000 = 0.3333333333333333
acc_15000 = 0.3333333333333333
acc_18000 = 0.3333333333333333
acc_21000 = 0.3333333333333333
acc_24000 = 0.3333333333333333
acc_27000 = 0.5261477045908184
acc_3000 = 0.3333333333333333
acc_30000 = 0.556686626746507
acc_6000 = 0.3333333333333333
acc_9000 = 0.3333333333333333
