corr_100 = 0.6783318493051377
corr_200 = 0.7403924242362381
corr_300 = 0.7496712523320006
corr_400 = 0.7463875668709694
corr_500 = 0.7562996967365117
corr_600 = 0.7591828118939161
corr_700 = 0.7566958153944495
corr_800 = 0.7552837735046471
corr_900 = 0.7574308439215194
pearson_100 = 0.6843520509625672
pearson_200 = 0.7425801290936013
pearson_300 = 0.7516993847182675
pearson_400 = 0.7499151651286092
pearson_500 = 0.7589048240544773
pearson_600 = 0.7626642410167622
pearson_700 = 0.7606070824492814
pearson_800 = 0.7603842412316116
pearson_900 = 0.7617143359881842
spearmanr_100 = 0.6723116476477081
spearmanr_200 = 0.7382047193788749
spearmanr_300 = 0.7476431199457336
spearmanr_400 = 0.7428599686133295
spearmanr_500 = 0.7536945694185461 
spearmanr_600 = 0.75570138277107 *
spearmanr_700 = 0.7527845483396176
spearmanr_800 = 0.7501833057776827
spearmanr_900 = 0.7531473518548547
