corr_100 = 0.7843745609446515
corr_1000 = 0.8263971733956683
corr_1100 = 0.8356262307362538
corr_1200 = 0.8326779126937092
corr_1300 = 0.8328683955697239
corr_1400 = 0.8316466376189817
corr_1500 = 0.8298288492475341
corr_1600 = 0.8330625807269332
corr_1700 = 0.8320631530130533
corr_1800 = 0.8326550294049184
corr_200 = 0.8198559285241445
corr_300 = 0.808299147631942
corr_400 = 0.8204674431277799
corr_500 = 0.8210524844457279
corr_600 = 0.8299111478844111
corr_700 = 0.829835378985613
corr_800 = 0.8315602816270369
corr_900 = 0.834630277624723
pearson_100 = 0.7713893512003213
pearson_1000 = 0.8276620769652896
pearson_1100 = 0.8366658179206691
pearson_1200 = 0.8334911588467766
pearson_1300 = 0.8337611440159914
pearson_1400 = 0.8322469874133852
pearson_1500 = 0.8303798567532289
pearson_1600 = 0.8335213062307624
pearson_1700 = 0.8322623037929496
pearson_1800 = 0.8326554243444729
pearson_200 = 0.8214523040033184
pearson_300 = 0.8088764204856465
pearson_400 = 0.8204442107090845
pearson_500 = 0.8219579396067899
pearson_600 = 0.8316400665821143
pearson_700 = 0.8302040467393543
pearson_800 = 0.8338233672572766
pearson_900 = 0.8355379970593305
spearmanr_100 = 0.7973597706889819
spearmanr_1000 = 0.8251322698260469
spearmanr_1100 = 0.8345866435518384
spearmanr_1200 = 0.8318646665406417
spearmanr_1300 = 0.8319756471234564
spearmanr_1400 = 0.8310462878245782
spearmanr_1500 = 0.8292778417418393
spearmanr_1600 = 0.8326038552231039
spearmanr_1700 = 0.831864002233157
spearmanr_1800 = 0.832654634465364
spearmanr_200 = 0.8182595530449706
spearmanr_300 = 0.8077218747782375
spearmanr_400 = 0.8204906755464753
spearmanr_500 = 0.820147029284666
spearmanr_600 = 0.8281822291867079
spearmanr_700 = 0.8294667112318715
spearmanr_800 = 0.8292971959967972
spearmanr_900 = 0.8337225581901155
