 official_exact_match = 63.52615171458261
 official_f1 = 85.16041529803621
