 official_exact_match = 63.75129892622099
 official_f1 = 85.3075676688065
