 official_exact_match = 62.88534811222723
 official_f1 = 84.53110616341793
