 official_exact_match = 63.474194665742985
 official_f1 = 85.07595713011311
