 official_exact_match = 62.85071007966747
 official_f1 = 84.51696197483216
