 official_exact_match = 58.815379286456526
 official_f1 = 80.86917406272936
