 official_exact_match = 61.55178385867683
 official_f1 = 83.32297531271111
