 official_exact_match = 62.469691721510216
 official_f1 = 83.97383896400605
