 official_exact_match = 63.889851056459996
 official_f1 = 85.32169244743486
