 official_exact_match = 62.123311395912715
 official_f1 = 83.90178744787605
