acc_10000 = 0.904
acc_12000 = 0.9048
acc_14000 = 0.90592
acc_16000 = 0.90518
acc_18000 = 0.9068 *
acc_2000 = 0.90226
acc_4000 = 0.90196
acc_6000 = 0.90372
acc_8000 = 0.90468
