acc_10000 = 0.91504
acc_12000 = 0.915
acc_14000 = 0.91572
acc_16000 = 0.9158
acc_18000 = 0.91622
acc_2000 = 0.91248
acc_4000 = 0.91292
acc_6000 = 0.9155
acc_8000 = 0.91524
