corr_100 = 0.7608970173475753
corr_1000 = 0.8160053058211477
corr_1100 = 0.8196415174548557
corr_1200 = 0.8180713225808215
corr_1300 = 0.8192836864297949
corr_1400 = 0.8203832112162295
corr_1500 = 0.8206974507245242
corr_1600 = 0.8210109850012934
corr_1700 = 0.8204587795447162
corr_1800 = 0.819614077990372
corr_200 = 0.8033023496673048
corr_300 = 0.8065852796630147
corr_400 = 0.8136314859890188
corr_500 = 0.8155664065044324
corr_600 = 0.8096916303973033
corr_700 = 0.8148866909311014
corr_800 = 0.8210694095179782
corr_900 = 0.8184332239058663
pearson_100 = 0.7507456348657552
pearson_1000 = 0.8191571035694993
pearson_1100 = 0.8224889029429991
pearson_1200 = 0.821343989796622
pearson_1300 = 0.8222573002066379
pearson_1400 = 0.8231588986372492
pearson_1500 = 0.8230603572519226
pearson_1600 = 0.823702180303767
pearson_1700 = 0.8231047642814661
pearson_1800 = 0.8223246721299121
pearson_200 = 0.8052965231912795
pearson_300 = 0.806780827218906
pearson_400 = 0.814736855250116
pearson_500 = 0.817975989010724
pearson_600 = 0.8133122450928941
pearson_700 = 0.8182052446321705
pearson_800 = 0.824400926042242
pearson_900 = 0.8215671932334343
spearmanr_100 = 0.7710483998293953
spearmanr_1000 = 0.8128535080727961
spearmanr_1100 = 0.8167941319667121
spearmanr_1200 = 0.8147986553650209
spearmanr_1300 = 0.8163100726529519
spearmanr_1400 = 0.8176075237952097
spearmanr_1500 = 0.8183345441971257
spearmanr_1600 = 0.81831978969882
spearmanr_1700 = 0.8178127948079665
spearmanr_1800 = 0.8169034838508318
spearmanr_200 = 0.8013081761433303
spearmanr_300 = 0.8063897321071235
spearmanr_400 = 0.8125261167279216
spearmanr_500 = 0.8131568239981406
spearmanr_600 = 0.8060710157017125
spearmanr_700 = 0.8115681372300323
spearmanr_800 = 0.8177378929937145
spearmanr_900 = 0.8152992545782982
