f1_1000 = 0.8286933695244559
f1_10000 = 0.8642054689313973
f1_11000 = 0.8670350698356493
f1_12000 = 0.8674492147719354
f1_13000 = 0.8663571428571428
f1_14000 = 0.8675527366020523
f1_15000 = 0.8684234291184281
f1_16000 = 0.867626183673836
f1_17000 = 0.869681706140821
f1_18000 = 0.8698433117149953
f1_19000 = 0.8701173616808762
f1_2000 = 0.8448830949490685
f1_20000 = 0.8704175651832974
f1_21000 = 0.8704411502053938
f1_22000 = 0.8729449606862044
f1_23000 = 0.8728221439931381
f1_24000 = 0.8729060516671137
f1_25000 = 0.8735364674710875
f1_3000 = 0.8531757334092851
f1_4000 = 0.8593694144562808
f1_5000 = 0.8606771298845233
f1_6000 = 0.8601270440027756
f1_7000 = 0.8643437739003611
f1_8000 = 0.8648014440433213
f1_9000 = 0.8635835463630025
loss_1000 = 0.2270259829893918
loss_10000 = 0.28267016964898983
loss_11000 = 0.29592521488666534
loss_12000 = 0.3092374182502988
loss_13000 = 0.32163446134244894
loss_14000 = 0.3296155461543043
loss_15000 = 0.34385591682413935
loss_16000 = 0.3557696302591915
loss_17000 = 0.3536605203235653
loss_18000 = 0.35678622924106224
loss_19000 = 0.3671666127695164
loss_2000 = 0.20563481517241033
loss_20000 = 0.3713891481010007
loss_21000 = 0.3809618446188913
loss_22000 = 0.3874867342307534
loss_23000 = 0.3844065632618649
loss_24000 = 0.39598802634527985
loss_25000 = 0.39639427166589547
loss_3000 = 0.2068260068624792
loss_4000 = 0.21401060257159488
loss_5000 = 0.20817337772795852
loss_6000 = 0.23084843200697025
loss_7000 = 0.24541109317625073
loss_8000 = 0.2641360100726007
loss_9000 = 0.28321599015887355
precision_1000 = 0.8255238908456968
precision_10000 = 0.8610527814357405
precision_11000 = 0.8649776984834969
precision_12000 = 0.8645607037287653
precision_13000 = 0.8630283193396898
precision_14000 = 0.8622680266326676
precision_15000 = 0.8750136487716106
precision_16000 = 0.8696732826627283
precision_17000 = 0.8665551363280416
precision_18000 = 0.8669468285907618
precision_19000 = 0.8657627599914816
precision_2000 = 0.8294587032367267
precision_20000 = 0.8653743931393741
precision_21000 = 0.8672503381023561
precision_22000 = 0.8702080661251247
precision_23000 = 0.8700701841889629
precision_24000 = 0.8705559319616304
precision_25000 = 0.872380748051205
precision_3000 = 0.8472634705133645
precision_4000 = 0.8568577131451383
precision_5000 = 0.85825311942959
precision_6000 = 0.853792080257162
precision_7000 = 0.8576471003494406
precision_8000 = 0.8708375745237749
precision_9000 = 0.8611972760009984
recall_1000 = 0.8318872795066686
recall_10000 = 0.867381327979349
recall_11000 = 0.8691022515416607
recall_12000 = 0.8703570916391797
recall_13000 = 0.8697117453033127
recall_14000 = 0.8729026244084325
recall_15000 = 0.8619317366986949
recall_16000 = 0.8655886992686075
recall_17000 = 0.8728309192600029
recall_18000 = 0.8727592141115732
recall_19000 = 0.8745159902480998
recall_2000 = 0.8608920120464649
recall_20000 = 0.875519862326115
recall_21000 = 0.8736555284669439
recall_22000 = 0.8756991251971892
recall_23000 = 0.8755915674745447
recall_24000 = 0.8752688943066113
recall_25000 = 0.874695253119174
recall_3000 = 0.8591710884841531
recall_4000 = 0.8618958841244801
recall_5000 = 0.8631148716477843
recall_6000 = 0.8665567187724078
recall_7000 = 0.8711458482719059
recall_8000 = 0.8588484153162197
recall_9000 = 0.8659830775849706
