acc_10000 = 0.90904
acc_12000 = 0.90922
acc_14000 = 0.90918
acc_16000 = 0.90918
acc_18000 = 0.90976
acc_2000 = 0.90946
acc_4000 = 0.90794
acc_6000 = 0.90812
acc_8000 = 0.90876
