corr_100 = 0.7614912606705946
corr_1000 = 0.8248988046245747
corr_1100 = 0.8260687947848755
corr_1200 = 0.8266555107107132
corr_1300 = 0.8186560804655554
corr_1400 = 0.8249689611633808
corr_1500 = 0.8244080091182968
corr_1600 = 0.8254434050072043
corr_1700 = 0.8260202575681709
corr_1800 = 0.82491297385974
corr_200 = 0.8026695571376492
corr_300 = 0.8113115686834003
corr_400 = 0.8041789286612171
corr_500 = 0.812232603580956
corr_600 = 0.8101331029932909
corr_700 = 0.8238322020295441
corr_800 = 0.8218850498687491
corr_900 = 0.8223975313964373
pearson_100 = 0.760330926884885
pearson_1000 = 0.8260525508939784
pearson_1100 = 0.8276229149586053
pearson_1200 = 0.8267816488151284
pearson_1300 = 0.8184047225406544
pearson_1400 = 0.8247479791574697
pearson_1500 = 0.8248654781228432
pearson_1600 = 0.825280061059024
pearson_1700 = 0.8266123558844856
pearson_1800 = 0.8256342662795174
pearson_200 = 0.8040487828054352
pearson_300 = 0.810013746259605
pearson_400 = 0.8059803683282184
pearson_500 = 0.8094641602134729
pearson_600 = 0.811080983227581
pearson_700 = 0.8237497594566636
pearson_800 = 0.822770019467501
pearson_900 = 0.822856366442808
spearmanr_100 = 0.762651594456304
spearmanr_1000 = 0.8237450583551709
spearmanr_1100 = 0.8245146746111457
spearmanr_1200 = 0.8265293726062979
spearmanr_1300 = 0.8189074383904563
spearmanr_1400 = 0.8251899431692918
spearmanr_1500 = 0.8239505401137504
spearmanr_1600 = 0.8256067489553846
spearmanr_1700 = 0.8254281592518562
spearmanr_1800 = 0.8241916814399627
spearmanr_200 = 0.8012903314698633
spearmanr_300 = 0.8126093911071957
spearmanr_400 = 0.8023774889942158
spearmanr_500 = 0.8150010469484391
spearmanr_600 = 0.8091852227590007
spearmanr_700 = 0.8239146446024246
spearmanr_800 = 0.8210000802699972
spearmanr_900 = 0.8219386963500667
