acc_10000 = 0.9061
acc_12000 = 0.90436
acc_14000 = 0.90692
acc_16000 = 0.90574
acc_18000 = 0.9075
acc_2000 = 0.90204
acc_4000 = 0.90816
acc_6000 = 0.90694
acc_8000 = 0.9056
