corr_100 = 0.7442892648059846
corr_1000 = 0.792766711042787
corr_1100 = 0.7954408936741979
corr_1200 = 0.7936286959017058
corr_1300 = 0.797061002532595
corr_1400 = 0.7954203538518126
corr_1500 = 0.7926062558336002
corr_1600 = 0.7981083527835772
corr_1700 = 0.7964858630067381
corr_1800 = 0.7967462166990393
corr_200 = 0.7768494894455059
corr_300 = 0.7845666905187193
corr_400 = 0.7790772403076199
corr_500 = 0.7799373371266853
corr_600 = 0.7848042926919008
corr_700 = 0.7792880209297329
corr_800 = 0.7877130759707145
corr_900 = 0.7915300448316773
pearson_100 = 0.7378832787073144
pearson_1000 = 0.793971729413328
pearson_1100 = 0.7979110506343773
pearson_1200 = 0.7962031223858114
pearson_1300 = 0.7997212408793587
pearson_1400 = 0.7974844066873227
pearson_1500 = 0.7947948274957006
pearson_1600 = 0.801268760469079
pearson_1700 = 0.79923492799569
pearson_1800 = 0.7995779239652868
pearson_200 = 0.7779228309734322
pearson_300 = 0.7849631903496177
pearson_400 = 0.7824165464130358
pearson_500 = 0.7832243412095863
pearson_600 = 0.7877315474815434
pearson_700 = 0.7828028191855341
pearson_800 = 0.7903510622144578
pearson_900 = 0.7935586412818378
spearmanr_100 = 0.7506952509046547
spearmanr_1000 = 0.7915616926722457
spearmanr_1100 = 0.7929707367140184
spearmanr_1200 = 0.7910542694176004
spearmanr_1300 = 0.7944007641858315
spearmanr_1400 = 0.7933563010163026
spearmanr_1500 = 0.7904176841714999
spearmanr_1600 = 0.7949479450980753
spearmanr_1700 = 0.7937367980177862
spearmanr_1800 = 0.7939145094327917
spearmanr_200 = 0.7757761479175797
spearmanr_300 = 0.7841701906878209
spearmanr_400 = 0.775737934202204
spearmanr_500 = 0.7766503330437845
spearmanr_600 = 0.7818770379022583
spearmanr_700 = 0.7757732226739318
spearmanr_800 = 0.7850750897269713
spearmanr_900 = 0.7895014483815167
