 official_exact_match = 66.24523727052303
 official_f1 = 86.72213347976357
