 official_exact_match = 67.23242119847593
 official_f1 = 87.14107359038132
