 official_exact_match = 68.15032906130932
 official_f1 = 88.15677107930323
