 official_exact_match = 67.76931070315206
 official_f1 = 87.90459613609687
