 official_exact_match = 68.23692414270869
 official_f1 = 88.10500785510204
