 official_exact_match = 63.699341877381364
 official_f1 = 84.61332453866169
