 official_exact_match = 68.13301004502944
 official_f1 = 88.27643468255039
