 official_exact_match = 67.30169726359543
 official_f1 = 87.8251039172794
