 official_exact_match = 67.07655005195704
 official_f1 = 87.61339290945787
