acc_100 = 0.9313984168865436
acc_200 = 0.9432717678100264
acc_300 = 0.9353562005277045
acc_400 = 0.9432717678100264
acc_500 = 0.9445910290237467
acc_600 = 0.9379947229551451
acc_700 = 0.9406332453825857
acc_800 = 0.9406332453825857
acc_900 = 0.9406332453825857
