acc_10000 = 0.83968
acc_12000 = 0.83632
acc_14000 = 0.84256
acc_16000 = 0.83892
acc_18000 = 0.84078
acc_2000 = 0.84292
acc_4000 = 0.85084
acc_6000 = 0.85052
acc_8000 = 0.8469
