acc_10000 = 0.91024
acc_12000 = 0.91022
acc_14000 = 0.9087
acc_16000 = 0.91118
acc_18000 = 0.911
acc_2000 = 0.90732
acc_4000 = 0.9112
acc_6000 = 0.90562
acc_8000 = 0.9106
