 official_exact_match = 5.143747835122965
 official_f1 = 14.705097242179152
