 official_exact_match = 1.091098025632144
 official_f1 = 10.378000786261138
