f1_1000 = 0.7865549313933143
f1_10000 = 0.7569508970052176
f1_11000 = 0.7806411508747003
f1_12000 = 0.7801353408278165
f1_13000 = 0.7973900326245922
f1_14000 = 0.816463515831013
f1_15000 = 0.8174037351318658
f1_16000 = 0.8513044595810307
f1_17000 = 0.8490607653567622
f1_18000 = 0.8506529134203884
f1_19000 = 0.8532756217445528
f1_2000 = 0.8200055570991943
f1_20000 = 0.853153516326456
f1_21000 = 0.8549945900346604
f1_22000 = 0.8547927055922565
f1_23000 = 0.8574201937693449
f1_24000 = 0.8565701886653672
f1_25000 = 0.8569957712814856
f1_3000 = 0.8295221748518907
f1_4000 = 0.8383996464934731
f1_5000 = 0.8364955255435872
f1_6000 = 0.8369180907483794
f1_7000 = 0.8317344242117076
f1_8000 = 0.8066406961080569
f1_9000 = 0.7442262871671728
loss_1000 = 0.29347036296213175
loss_10000 = 0.34562697439966067
loss_11000 = 0.3326774843981568
loss_12000 = 0.34057184843949867
loss_13000 = 0.3396541807853
loss_14000 = 0.3311306565580234
loss_15000 = 0.32433411416033625
loss_16000 = 0.30314132948996314
loss_17000 = 0.3276991210353207
loss_18000 = 0.3296489484713111
loss_19000 = 0.33579185856899746
loss_2000 = 0.24601422166320638
loss_20000 = 0.3447473147805308
loss_21000 = 0.3538039528148275
loss_22000 = 0.35786680373507485
loss_23000 = 0.35996404164273976
loss_24000 = 0.3657758114203601
loss_25000 = 0.3680162144378877
loss_3000 = 0.23557558110062504
loss_4000 = 0.23676065324057996
loss_5000 = 0.23234409156819463
loss_6000 = 0.2513266965537004
loss_7000 = 0.26482374210592724
loss_8000 = 0.290467210638691
loss_9000 = 0.36202187563332033
precision_1000 = 0.7869462666764945
precision_10000 = 0.7353747873485401
precision_11000 = 0.7540831732088937
precision_12000 = 0.7771850336159017
precision_13000 = 0.8124403010736255
precision_14000 = 0.817866114969706
precision_15000 = 0.8138092110064958
precision_16000 = 0.8490441661173368
precision_17000 = 0.847751881079097
precision_18000 = 0.8451502707417233
precision_19000 = 0.8501260826663743
precision_2000 = 0.8251565762004175
precision_20000 = 0.8492321161492723
precision_21000 = 0.8517611809412452
precision_22000 = 0.8544625119564417
precision_23000 = 0.8530612244897959
precision_24000 = 0.8556261709709415
precision_25000 = 0.8559256674868706
precision_3000 = 0.8316556879579602
precision_4000 = 0.8385385975250442
precision_5000 = 0.8282682451454558
precision_6000 = 0.8371955937074015
precision_7000 = 0.8180523411073527
precision_8000 = 0.7977532135527311
precision_9000 = 0.7150127226463104
recall_1000 = 0.7861639851257317
recall_10000 = 0.7798313758698133
recall_11000 = 0.8091381024262729
recall_12000 = 0.7831081329847944
recall_13000 = 0.7828872280107507
recall_14000 = 0.815065719229778
recall_15000 = 0.8210301535289569
recall_16000 = 0.8535768197047237
recall_17000 = 0.8503736975810905
recall_18000 = 0.8562276793932476
recall_19000 = 0.8564485843672913
recall_2000 = 0.8149184492470822
recall_20000 = 0.8571112992894223
recall_21000 = 0.8582526416553146
recall_22000 = 0.8551231545230293
recall_23000 = 0.8618239387356872
recall_24000 = 0.8575162917418357
recall_25000 = 0.8580685541769448
recall_3000 = 0.8273995802805493
recall_4000 = 0.8382607415043629
recall_5000 = 0.8448878907256728
recall_6000 = 0.8366407716947093
recall_7000 = 0.8458819631088693
recall_8000 = 0.815728434151909
recall_9000 = 0.7759287213283752
