acc_100 = 0.6701846965699209
acc_200 = 0.6701846965699209
acc_300 = 0.6701846965699209
acc_400 = 0.6701846965699209
acc_500 = 0.6701846965699209
acc_600 = 0.6701846965699209
acc_700 = 0.6701846965699209
acc_800 = 0.6701846965699209
acc_900 = 0.6701846965699209
