acc_100 = 0.9274406332453826
acc_200 = 0.9393139841688655
acc_300 = 0.9472295514511874
acc_400 = 0.9353562005277045
acc_500 = 0.9472295514511874
acc_600 = 0.941952506596306
acc_700 = 0.9432717678100264
acc_800 = 0.9406332453825857
acc_900 = 0.9432717678100264
