corr_100 = 0.7691233283508587
corr_1000 = 0.8152510603900451
corr_1100 = 0.8115210303181195
corr_1200 = 0.8146996350747064
corr_1300 = 0.8121585861460683
corr_1400 = 0.817217010502266
corr_1500 = 0.8135038741300668
corr_1600 = 0.8161583885754369
corr_1700 = 0.8139862429576497
corr_1800 = 0.8137648978898182
corr_200 = 0.7956321424840114
corr_300 = 0.8040459408190103
corr_400 = 0.8002566250392368
corr_500 = 0.8091314011864552
corr_600 = 0.807979337899462
corr_700 = 0.8072284506718443
corr_800 = 0.8094694683417122
corr_900 = 0.8092113065714588
pearson_100 = 0.7674568397060799
pearson_1000 = 0.8176687801662421
pearson_1100 = 0.814853143335561
pearson_1200 = 0.8178001899348888
pearson_1300 = 0.8144701183119033
pearson_1400 = 0.820548660150838
pearson_1500 = 0.8160009096217516
pearson_1600 = 0.8191184545513819
pearson_1700 = 0.8166488321653417
pearson_1800 = 0.8163477998739916
pearson_200 = 0.7980485262176018
pearson_300 = 0.7998094894021058
pearson_400 = 0.8022654171090039
pearson_500 = 0.8101019348830927
pearson_600 = 0.8100139678571979
pearson_700 = 0.8094093177528274
pearson_800 = 0.8127167658310841
pearson_900 = 0.8121398551572617
spearmanr_100 = 0.7707898169956376
spearmanr_1000 = 0.8128333406138483
spearmanr_1100 = 0.8081889173006781
spearmanr_1200 = 0.8115990802145241
spearmanr_1300 = 0.8098470539802334
spearmanr_1400 = 0.813885360853694
spearmanr_1500 = 0.8110068386383819
spearmanr_1600 = 0.813198322599492
spearmanr_1700 = 0.8113236537499575
spearmanr_1800 = 0.8111819959056447
spearmanr_200 = 0.7932157587504209
spearmanr_300 = 0.8082823922359147
spearmanr_400 = 0.7982478329694697
spearmanr_500 = 0.8081608674898176
spearmanr_600 = 0.8059447079417259
spearmanr_700 = 0.8050475835908614
spearmanr_800 = 0.8062221708523403
spearmanr_900 = 0.8062827579856559
