acc_10000 = 0.89322
acc_12000 = 0.89312
acc_14000 = 0.89448
acc_16000 = 0.89506
acc_18000 = 0.89622
acc_2000 = 0.8761
acc_4000 = 0.89334
acc_6000 = 0.89348
acc_8000 = 0.89246
