 official_exact_match = 67.0419120193973
 official_f1 = 88.58753081437385
