 official_exact_match = 69.5012123311396
 official_f1 = 90.40131161516246
