 official_exact_match = 69.32802216834084
 official_f1 = 90.40490712489309
