 official_exact_match = 68.4447523380672
 official_f1 = 89.39166062234149
