 official_exact_match = 69.20678905438172
 official_f1 = 89.68956698197832
