 official_exact_match = 69.44925528229996
 official_f1 = 90.16175616069519
