 official_exact_match = 69.12019397298234
 official_f1 = 90.3717255465938
