 official_exact_match = 68.89504676134395
 official_f1 = 89.77814539299729
