 official_exact_match = 68.20228611014895
 official_f1 = 89.39925552748028
