acc_12000 = 0.7962075848303394
acc_15000 = 0.793812375249501
acc_18000 = 0.7900199600798403
acc_21000 = 0.781437125748503
acc_24000 = 0.7890219560878243
acc_27000 = 0.7910179640718563
acc_3000 = 0.7822355289421158
acc_30000 = 0.7830339321357286
acc_6000 = 0.7964071856287425
acc_9000 = 0.7896207584830339
