acc_100 = 0.9155672823218998
acc_200 = 0.9340369393139841
acc_300 = 0.9340369393139841
acc_400 = 0.9366754617414248
acc_500 = 0.9393139841688655
acc_600 = 0.9340369393139841
acc_700 = 0.9379947229551451
acc_800 = 0.9406332453825857
acc_900 = 0.9406332453825857 *
