acc_100 = 0.9261213720316622
acc_200 = 0.9261213720316622
acc_300 = 0.9432717678100264
acc_400 = 0.9432717678100264
acc_500 = 0.9472295514511874
acc_600 = 0.945910290237467
acc_700 = 0.9393139841688655
acc_800 = 0.9445910290237467
acc_900 = 0.9432717678100264
