acc_100 = 0.9287598944591029
acc_200 = 0.9445910290237467
acc_300 = 0.9472295514511874
acc_400 = 0.9432717678100264
acc_500 = 0.945910290237467
acc_600 = 0.9445910290237467
acc_700 = 0.9498680738786279
acc_800 = 0.945910290237467
acc_900 = 0.9445910290237467
