acc_100 = 0.9234828496042217
acc_200 = 0.9393139841688655
acc_300 = 0.9287598944591029
acc_400 = 0.941952506596306
acc_500 = 0.945910290237467
acc_600 = 0.9340369393139841
acc_700 = 0.9406332453825857
acc_800 = 0.9498680738786279
acc_900 = 0.9485488126649076
