corr_100 = 0.1655150953389089
corr_200 = 0.1814777911379655
corr_300 = 0.18308298047615967
corr_400 = 0.24251588668793714
corr_500 = 0.22859257823933793
corr_600 = 0.2451392030317826
corr_700 = 0.2517263687033132
corr_800 = 0.23009830550711496
corr_900 = 0.2363250193151934
pearson_100 = 0.1778701005026767
pearson_200 = 0.19378509758829374
pearson_300 = 0.20031943497417531
pearson_400 = 0.2527731636823842
pearson_500 = 0.23101685798711213
pearson_600 = 0.2503706896873961
pearson_700 = 0.25696988651391833
pearson_800 = 0.23428236228925797
pearson_900 = 0.24030289022767898
spearmanr_100 = 0.1531600901751411
spearmanr_200 = 0.16917048468763726
spearmanr_300 = 0.16584652597814406
spearmanr_400 = 0.23225860969349005
spearmanr_500 = 0.2261682984915637
spearmanr_600 = 0.2399077163761691
spearmanr_700 = 0.24648285089270808
spearmanr_800 = 0.22591424872497193
spearmanr_900 = 0.23234714840270784
