acc_100 = 0.9472295514511874
acc_200 = 0.9432717678100264
acc_300 = 0.9406332453825857
acc_400 = 0.9445910290237467
acc_500 = 0.9445910290237467
acc_600 = 0.9445910290237467
acc_700 = 0.9511873350923483
acc_800 = 0.9472295514511874
acc_900 = 0.9498680738786279
