f1_1000 = 0.8139350180505415
f1_10000 = 0.859025316002435
f1_11000 = 0.8600609209819029
f1_12000 = 0.8615274034141959
f1_13000 = 0.8610738854641293
f1_14000 = 0.8609373324276981
f1_15000 = 0.8625098207270909
f1_16000 = 0.863724434876211
f1_17000 = 0.8646682553618463
f1_18000 = 0.8644392423919983
f1_19000 = 0.8662678225979794
f1_2000 = 0.8370093920795231
f1_20000 = 0.8656055165514407
f1_21000 = 0.8670091835090672
f1_22000 = 0.8667250031251673
f1_23000 = 0.8687143829970253
f1_24000 = 0.8694031856377548
f1_25000 = 0.8688985616278861
f1_3000 = 0.8459171258856365
f1_4000 = 0.84988077364656
f1_5000 = 0.8560332272506609
f1_6000 = 0.8574798084482882
f1_7000 = 0.8559676721027565
f1_8000 = 0.8591629159726406
f1_9000 = 0.8582650576714593
loss_1000 = 0.25450619068783775
loss_10000 = 0.2883207099118703
loss_11000 = 0.2982812611989572
loss_12000 = 0.31798559070472987
loss_13000 = 0.3309173732995987
loss_14000 = 0.3254102304787703
loss_15000 = 0.3426805335870931
loss_16000 = 0.3490198076191083
loss_17000 = 0.35371561432388465
loss_18000 = 0.3683425941517655
loss_19000 = 0.36741842497402516
loss_2000 = 0.22363373490286545
loss_20000 = 0.3770687164555133
loss_21000 = 0.3856900132877726
loss_22000 = 0.3915867480173917
loss_23000 = 0.39703166568782966
loss_24000 = 0.3957045011117425
loss_25000 = 0.4018296947781469
loss_3000 = 0.2200358850015721
loss_4000 = 0.22555804399537369
loss_5000 = 0.21614919246082576
loss_6000 = 0.233152740228344
loss_7000 = 0.2535729490115609
loss_8000 = 0.2698049136030842
loss_9000 = 0.29439270937106976
precision_1000 = 0.8174171561163077
precision_10000 = 0.8556855471536596
precision_11000 = 0.8573878250928837
precision_12000 = 0.8613107214716873
precision_13000 = 0.8560414964294596
precision_14000 = 0.856193117178612
precision_15000 = 0.856879301781026
precision_16000 = 0.8621158942769143
precision_17000 = 0.8619654913728432
precision_18000 = 0.8530626531326566
precision_19000 = 0.8632988218493395
precision_2000 = 0.823879661548104
precision_20000 = 0.8603643595298128
precision_21000 = 0.8635310059551403
precision_22000 = 0.8611732140956031
precision_23000 = 0.8661377930245855
precision_24000 = 0.8666547597785319
precision_25000 = 0.8659359491591988
precision_3000 = 0.8420602692883095
precision_4000 = 0.8354342466229121
precision_5000 = 0.8563257671139249
precision_6000 = 0.8524834790023449
precision_7000 = 0.8591294271021945
precision_8000 = 0.8471833939055075
precision_9000 = 0.8487468803824387
recall_1000 = 0.810482421453735
recall_10000 = 0.8623912574591991
recall_11000 = 0.8627507369329211
recall_12000 = 0.8617441944064994
recall_13000 = 0.8661657919332806
recall_14000 = 0.8657344165648142
recall_15000 = 0.8682148249334963
recall_16000 = 0.8653389891437199
recall_17000 = 0.8673880221439356
recall_18000 = 0.8761233733553814
recall_19000 = 0.8692573154072902
recall_2000 = 0.8505643827737436
recall_20000 = 0.8709109209864117
recall_21000 = 0.8705154935653174
recall_22000 = 0.8723488388812999
recall_23000 = 0.871306348407506
recall_24000 = 0.8721690991444389
recall_25000 = 0.8718815155654612
recall_3000 = 0.8498094758789273
recall_4000 = 0.8648357178805091
recall_5000 = 0.8557408871953411
recall_6000 = 0.8625350492486878
recall_7000 = 0.8528291034581925
recall_8000 = 0.871486088144367
recall_9000 = 0.867999137249263
