 official_exact_match = 68.98164184274333
 official_f1 = 89.25734823640632
