 official_exact_match = 69.55316937997922
 official_f1 = 89.45397298182593
