 official_exact_match = 69.37997921718046
 official_f1 = 89.51843142055618
