 official_exact_match = 69.69172151021822
 official_f1 = 89.47329136183045
