 official_exact_match = 69.24142708694146
 official_f1 = 89.29883334779592
