 official_exact_match = 68.84308971250432
 official_f1 = 88.90130678236497
