 official_exact_match = 68.68721856598545
 official_f1 = 89.33451504104842
