 official_exact_match = 68.4447523380672
 official_f1 = 88.94836830446432
