acc_12000 = 0.7854291417165669
acc_15000 = 0.7874251497005988
acc_18000 = 0.7786427145708583
acc_21000 = 0.7844311377245509
acc_24000 = 0.7762475049900199
acc_27000 = 0.783433133732535
acc_3000 = 0.7686626746506986
acc_30000 = 0.7818363273453094
acc_6000 = 0.7862275449101797
acc_9000 = 0.7776447105788423
