acc_100 = 0.7744063324538258
acc_200 = 0.7823218997361477
acc_300 = 0.7810026385224275
acc_400 = 0.8139841688654353
acc_500 = 0.8087071240105541
acc_600 = 0.7532981530343008
acc_700 = 0.8271767810026385
acc_800 = 0.8060686015831134
acc_900 = 0.820580474934037
