acc_10000 = 0.91578
acc_12000 = 0.9154
acc_14000 = 0.9171
acc_16000 = 0.9156
acc_18000 = 0.91644
acc_2000 = 0.9159
acc_4000 = 0.91662
acc_6000 = 0.91642
acc_8000 = 0.91582
