 official_exact_match = 64.80775891929338
 official_f1 = 88.41141926678196
