 official_exact_match = 64.87703498441289
 official_f1 = 88.66925518598077
