 official_exact_match = 63.803255975060615
 official_f1 = 87.84605977165177
