 official_exact_match = 64.99826809837201
 official_f1 = 88.46748501404514
