 official_exact_match = 64.82507793557326
 official_f1 = 88.56539896189427
