 official_exact_match = 63.924489089019744
 official_f1 = 87.85371763954812
