 official_exact_match = 65.15413924489089
 official_f1 = 88.43323790670198
