 official_exact_match = 65.51783858676828
 official_f1 = 88.84128844796199
