 official_exact_match = 64.21891236577763
 official_f1 = 88.06351832221031
