 official_exact_match = 64.51333564253551
 official_f1 = 88.50273411144273
