 official_exact_match = 65.11950121233114
 official_f1 = 88.69752303487907
