 official_exact_match = 65.03290613093176
 official_f1 = 88.82256620005931
