 official_exact_match = 64.582611707655
 official_f1 = 88.31218511698852
