 official_exact_match = 64.77312088673364
 official_f1 = 88.38025902188859
