 official_exact_match = 63.889851056459996
 official_f1 = 87.92312623471832
