 official_exact_match = 65.0155871146519
 official_f1 = 88.64873086742433
