 official_exact_match = 61.4998268098372
 official_f1 = 85.87250589019067
