f1_1000 = 0.8212937281918227
f1_10000 = 0.8601260696552453
f1_11000 = 0.859914022808825
f1_12000 = 0.8612002162551811
f1_13000 = 0.8635626014230433
f1_14000 = 0.8633936384905255
f1_15000 = 0.8637578868570207
f1_16000 = 0.86483877886609
f1_17000 = 0.8663000392815056
f1_18000 = 0.8654939106901218
f1_19000 = 0.8672021754298085
f1_2000 = 0.8355896695597065
f1_20000 = 0.8670884941475918
f1_21000 = 0.8682046352664745
f1_22000 = 0.8680989258056457
f1_23000 = 0.8683416367564866
f1_24000 = 0.8679191421791645
f1_25000 = 0.8689039628704033
f1_3000 = 0.8473939308794605
f1_4000 = 0.854824584919486
f1_5000 = 0.8565050450933118
f1_6000 = 0.8590976134202905
f1_7000 = 0.8572545674273121
f1_8000 = 0.8602456827487984
f1_9000 = 0.8596856588526369
loss_1000 = 0.2429059047094533
loss_10000 = 0.28840026280409853
loss_11000 = 0.2973581078186841
loss_12000 = 0.31453795017490926
loss_13000 = 0.325565474973598
loss_14000 = 0.32925635198472253
loss_15000 = 0.33669378744884276
loss_16000 = 0.3419511085244971
loss_17000 = 0.35352747625028585
loss_18000 = 0.36108255869066214
loss_19000 = 0.366019606590271
loss_2000 = 0.22294440026014622
loss_20000 = 0.37090134033015076
loss_21000 = 0.37623397418310944
loss_22000 = 0.380565699767059
loss_23000 = 0.3809957814888215
loss_24000 = 0.38387725911509823
loss_25000 = 0.38540367698165734
loss_3000 = 0.2181964294171669
loss_4000 = 0.21962969739672164
loss_5000 = 0.21447264854337128
loss_6000 = 0.2265086184505006
loss_7000 = 0.2536256044683322
loss_8000 = 0.2648094481145832
loss_9000 = 0.27852859526452883
precision_1000 = 0.8198120958811131
precision_10000 = 0.845097225105529
precision_11000 = 0.8521935074994719
precision_12000 = 0.8657873758968041
precision_13000 = 0.859073975518893
precision_14000 = 0.8601829116401551
precision_15000 = 0.858828950166584
precision_16000 = 0.8623110921015112
precision_17000 = 0.8628797040620332
precision_18000 = 0.8711364544364943
precision_19000 = 0.8654525977504017
precision_2000 = 0.820864030991664
precision_20000 = 0.8670107896906477
precision_21000 = 0.8621579580004243
precision_22000 = 0.8641207815275311
precision_23000 = 0.8649898608986446
precision_24000 = 0.8638349255957666
precision_25000 = 0.8652588168373151
precision_3000 = 0.830476387167837
precision_4000 = 0.8522504543672713
precision_5000 = 0.8532896843753336
precision_6000 = 0.8516965575561115
precision_7000 = 0.8499436143219622
precision_8000 = 0.8543744253483273
precision_9000 = 0.8536533634981796
recall_1000 = 0.8227807256561022
recall_10000 = 0.8756991251971892
recall_11000 = 0.867775706295712
recall_12000 = 0.8566614082891152
recall_13000 = 0.8680983794636455
recall_14000 = 0.8666284239208375
recall_15000 = 0.8687437257995124
recall_16000 = 0.867381327979349
recall_17000 = 0.8697475978775276
recall_18000 = 0.8599239925426646
recall_19000 = 0.8689588412448014
recall_2000 = 0.8508532912663129
recall_20000 = 0.8671662125340599
recall_21000 = 0.8743367273770257
recall_22000 = 0.8721138677757063
recall_23000 = 0.8717194894593432
recall_24000 = 0.8720421626272766
recall_25000 = 0.872579951240499
recall_3000 = 0.8650150580811702
recall_4000 = 0.8574143123476266
recall_5000 = 0.8597447296715904
recall_6000 = 0.8666284239208375
recall_7000 = 0.8646923849132367
recall_8000 = 0.8661981930302596
recall_9000 = 0.8658038147138964
