acc_100 = 0.9155672823218998
acc_200 = 0.9261213720316622
acc_300 = 0.9300791556728232
acc_400 = 0.9195250659630607
acc_500 = 0.9089709762532981
acc_600 = 0.9327176781002638
acc_700 = 0.9287598944591029
acc_800 = 0.9327176781002638
acc_900 = 0.9327176781002638
