acc_10000 = 0.90942
acc_12000 = 0.91158
acc_14000 = 0.91026
acc_16000 = 0.90956
acc_18000 = 0.90896
acc_2000 = 0.9121
acc_4000 = 0.91192
acc_6000 = 0.91176
acc_8000 = 0.90314
