f1_1000 = 0.7882489712313852
f1_10000 = 0.8289074286129741
f1_11000 = 0.8299173221879506
f1_12000 = 0.8320761328636506
f1_13000 = 0.8324433065106073
f1_14000 = 0.8340130056210735
f1_15000 = 0.8362209632766807
f1_16000 = 0.8351769504979604
f1_17000 = 0.8363888939662578
f1_18000 = 0.8375640087783468
f1_19000 = 0.8383721570571067
f1_2000 = 0.8121320515686712
f1_20000 = 0.8390699377517392
f1_21000 = 0.8430690349752792
f1_22000 = 0.8409486310777402
f1_23000 = 0.8426212590299277
f1_24000 = 0.8433779147632414 *
f1_25000 = 0.8427993186688402
f1_3000 = 0.8200283935786831
f1_4000 = 0.8279941957807792
f1_5000 = 0.8278154255220932
f1_6000 = 0.8257782435093678
f1_7000 = 0.827042356600494
f1_8000 = 0.8292441956199572
f1_9000 = 0.8264872650367372
loss_1000 = 0.26921471659566315
loss_10000 = 0.3599740577415681
loss_11000 = 0.37520503158300694
loss_12000 = 0.3898202969994343
loss_13000 = 0.3983462935602161
loss_14000 = 0.4101223500681595
loss_15000 = 0.4156863513127179
loss_16000 = 0.4334847410799752
loss_17000 = 0.4348098715426217
loss_18000 = 0.4562564030499526
loss_19000 = 0.4538897074444193
loss_2000 = 0.25126945111953036
loss_20000 = 0.4761633810023187
loss_21000 = 0.47223029338138206
loss_22000 = 0.47682645119411843
loss_23000 = 0.48925429792471337
loss_24000 = 0.4920283425861681
loss_25000 = 0.4962652329827698
loss_3000 = 0.25596179298951593
loss_4000 = 0.2731491190866685
loss_5000 = 0.2704436713960809
loss_6000 = 0.30365318857448204
loss_7000 = 0.3205484221099128
loss_8000 = 0.3381949405015354
loss_9000 = 0.36084456531934334
precision_1000 = 0.7939776951672862
precision_10000 = 0.8224049628507538
precision_11000 = 0.8267636363636364
precision_12000 = 0.8376531748978834
precision_13000 = 0.8309540326408412
precision_14000 = 0.8362249972372637
precision_15000 = 0.8368193160135036
precision_16000 = 0.8376396004570418
precision_17000 = 0.834451819972281
precision_18000 = 0.8360655737704918
precision_19000 = 0.839991171926727
precision_2000 = 0.8260754216410839
precision_20000 = 0.838486589337334
precision_21000 = 0.8426369925692742
precision_22000 = 0.840594566888775
precision_23000 = 0.8475883290698105
precision_24000 = 0.8445399764844209
precision_25000 = 0.842536985498755
precision_3000 = 0.8146902462840404
precision_4000 = 0.8409477383516608
precision_5000 = 0.8343631355616765
precision_6000 = 0.8144914106493691
precision_7000 = 0.8259391901768747
precision_8000 = 0.8281078710809033
precision_9000 = 0.8224834893678786
recall_1000 = 0.7826023231101829
recall_10000 = 0.8355135392620278
recall_11000 = 0.8330951595764171
recall_12000 = 0.8265728628485581
recall_13000 = 0.833937928254736
recall_14000 = 0.8318126855007145
recall_15000 = 0.8356234656113737
recall_16000 = 0.8327287384119306
recall_17000 = 0.8383349822285735
recall_18000 = 0.8390678245575465
recall_19000 = 0.8367593712212817
recall_2000 = 0.7986515701146898
recall_20000 = 0.8396540984207248
recall_21000 = 0.8435015206478326
recall_22000 = 0.8413029936609139
recall_23000 = 0.8377120662489466
recall_24000 = 0.84221904657213
recall_25000 = 0.8430618152504489
recall_3000 = 0.8254369572386501
recall_4000 = 0.8154336594481697
recall_5000 = 0.8213696823128503
recall_6000 = 0.8373822872009087
recall_7000 = 0.8281484738558499
recall_8000 = 0.8303836429592173
recall_9000 = 0.8305302114250119
