acc_12000 = 0.8085828343313374
acc_15000 = 0.8089820359281437
acc_18000 = 0.7994011976047904
acc_21000 = 0.7998003992015968
acc_24000 = 0.8011976047904191
acc_27000 = 0.8007984031936127
acc_3000 = 0.7992015968063872
acc_30000 = 0.7970059880239521
acc_6000 = 0.8087824351297406
acc_9000 = 0.8165668662674651
