acc_100 = 0.9261213720316622
acc_200 = 0.9511873350923483
acc_300 = 0.9538258575197889
acc_400 = 0.9445910290237467
acc_500 = 0.9498680738786279
acc_600 = 0.9525065963060686
acc_700 = 0.9511873350923483
acc_800 = 0.9551451187335093
acc_900 = 0.9525065963060686
