acc_10000 = 0.9014
acc_12000 = 0.90112
acc_14000 = 0.90404
acc_16000 = 0.90534
acc_18000 = 0.90472
acc_2000 = 0.89996
acc_4000 = 0.905
acc_6000 = 0.90378
acc_8000 = 0.90242
