acc_100 = 0.9340369393139841
acc_200 = 0.9313984168865436
acc_300 = 0.9393139841688655
acc_400 = 0.9327176781002638
acc_500 = 0.9313984168865436
acc_600 = 0.9393139841688655 *
acc_700 = 0.9327176781002638
acc_800 = 0.9340369393139841
acc_900 = 0.9340369393139841
