acc_12000 = 0.7415169660678643
acc_15000 = 0.7243512974051897
acc_18000 = 0.7207584830339321
acc_21000 = 0.7239520958083833
acc_24000 = 0.7235528942115769
acc_27000 = 0.7219560878243513
acc_3000 = 0.7245508982035929
acc_30000 = 0.7273453093812375
acc_6000 = 0.7385229540918163
acc_9000 = 0.7485029940119761 *
