acc_12000 = 0.8045908183632735
acc_15000 = 0.8059880239520958
acc_18000 = 0.795808383233533
acc_21000 = 0.7994011976047904
acc_24000 = 0.7960079840319362
acc_27000 = 0.7974051896207585
acc_3000 = 0.7900199600798403
acc_30000 = 0.7964071856287425
acc_6000 = 0.8007984031936127
acc_9000 = 0.8155688622754491
