f1_1000 = 0.8166729876650232
f1_10000 = 0.8622808278240874
f1_11000 = 0.8633591620031568
f1_12000 = 0.8639048991354467
f1_13000 = 0.8641484426772698
f1_14000 = 0.8646612514505043
f1_15000 = 0.8651161114814349
f1_16000 = 0.8646986249932948
f1_17000 = 0.8659426163073431
f1_18000 = 0.8670104200236329
f1_19000 = 0.8661893681761232
f1_2000 = 0.83990702790937
f1_20000 = 0.8666618952190096
f1_21000 = 0.8667070692666928
f1_22000 = 0.8674367534948493
f1_23000 = 0.8685767561946427
f1_24000 = 0.8678266778733524
f1_25000 = 0.8690301577648195
f1_3000 = 0.8507848201867674
f1_4000 = 0.8543187889581478
f1_5000 = 0.859032269721389
f1_6000 = 0.8583425651288282
f1_7000 = 0.8596788131931442
f1_8000 = 0.8587274305863175
f1_9000 = 0.8598800250693885
loss_1000 = 0.25201019770662547
loss_10000 = 0.2756307137684083
loss_11000 = 0.28672336650566316
loss_12000 = 0.3079679400568277
loss_13000 = 0.3276010743329223
loss_14000 = 0.32572643060079765
loss_15000 = 0.32422012300558495
loss_16000 = 0.3460904985246524
loss_17000 = 0.3516300490624468
loss_18000 = 0.35560749156374327
loss_19000 = 0.3632100543505709
loss_2000 = 0.21955538383671935
loss_20000 = 0.3701823527964068
loss_21000 = 0.38179036366267943
loss_22000 = 0.378012124291608
loss_23000 = 0.38725329641724976
loss_24000 = 0.3897261525123892
loss_25000 = 0.39462021517921503
loss_3000 = 0.217511192593776
loss_4000 = 0.21704058118269476
loss_5000 = 0.2126434260690716
loss_6000 = 0.22994648402845355
loss_7000 = 0.25102071883812754
loss_8000 = 0.2660656840028897
loss_9000 = 0.27376702259963664
precision_1000 = 0.8206002976082459
precision_10000 = 0.8618473030237737
precision_11000 = 0.8615665497243502
precision_12000 = 0.8657136668832576
precision_13000 = 0.861110119578797
precision_14000 = 0.8588502322942156
precision_15000 = 0.8671313518003539
precision_16000 = 0.8602227044718773
precision_17000 = 0.8677399559614483
precision_18000 = 0.8636396062205736
precision_19000 = 0.8625766433765863
precision_2000 = 0.8292400938934239
precision_20000 = 0.8627716423227645
precision_21000 = 0.8595672464997879
precision_22000 = 0.8616677898769198
precision_23000 = 0.8664329660895693
precision_24000 = 0.8634568164833991
precision_25000 = 0.8648533181429792
precision_3000 = 0.8550009076057361
precision_4000 = 0.8465692503176621
precision_5000 = 0.8635571054925893
precision_6000 = 0.8533110700582635
precision_7000 = 0.8611050999062252
precision_8000 = 0.8467102274712603
precision_9000 = 0.8566739215756235
recall_1000 = 0.8127830900855562
recall_10000 = 0.8627147889855489
recall_11000 = 0.8651592494068588
recall_12000 = 0.8621036738802215
recall_13000 = 0.8672082824070746
recall_14000 = 0.8705514415126896
recall_15000 = 0.8631102164066432
recall_16000 = 0.8692213674599181
recall_17000 = 0.8641527068804371
recall_18000 = 0.8704076497232008
recall_19000 = 0.8698324825652455
recall_2000 = 0.8508519663527213
recall_20000 = 0.8705873894600619
recall_21000 = 0.8739664965130491
recall_22000 = 0.8732834855129772
recall_23000 = 0.8707311812495506
recall_24000 = 0.8722409950391833
recall_25000 = 0.873247537565605
recall_3000 = 0.8466101085628011
recall_4000 = 0.8622115177223381
recall_5000 = 0.8545546049320584
recall_6000 = 0.863433747932993
recall_7000 = 0.8582572435113955
recall_8000 = 0.8710906607232727
recall_9000 = 0.8631102164066432
