acc_100 = 0.9102902374670184
acc_200 = 0.9472295514511874
acc_300 = 0.9406332453825857
acc_400 = 0.9577836411609498
acc_500 = 0.9525065963060686
acc_600 = 0.9564643799472295
acc_700 = 0.9498680738786279
acc_800 = 0.9485488126649076
acc_900 = 0.9485488126649076
