acc_12000 = 0.8049900199600798
acc_15000 = 0.8001996007984032
acc_18000 = 0.793812375249501
acc_21000 = 0.787624750499002
acc_24000 = 0.7854291417165669
acc_27000 = 0.7930139720558882
acc_3000 = 0.7852295409181637
acc_30000 = 0.7880239520958083
acc_6000 = 0.7942115768463074
acc_9000 = 0.7952095808383234
