corr_100 = 0.025339884120607628
corr_1000 = -0.07889080858248823
corr_1100 = 0.03882022765663679
corr_1200 = 0.007817889977248298
corr_1300 = -0.056250577053993694
corr_1400 = 0.05630209061716085
corr_1500 = -0.04029945871794954
corr_1600 = 0.05251432337105796
corr_1700 = -0.03766203099519429
corr_1800 = 0.023703691973855037
corr_200 = 0.04424720433672714
corr_300 = 0.03467539477706557
corr_400 = 0.018639454784974384
corr_500 = 0.0156411642653395
corr_600 = -0.05545200950154405
corr_700 = -0.024610039799597083
corr_800 = -0.011750778081484229
corr_900 = -0.008254814653508429
pearson_100 = 0.0318662412307646
pearson_1000 = -0.07743013463176279
pearson_1100 = 0.040356243037969634
pearson_1200 = 0.02640320847023583
pearson_1300 = -0.059076146444807846
pearson_1400 = 0.053254276165891186
pearson_1500 = -0.030159066828557617
pearson_1600 = 0.05252039147165794
pearson_1700 = -0.03250588950976075
pearson_1800 = 0.029967310442072775
pearson_200 = 0.03654469753576459
pearson_300 = 0.040044280638754634
pearson_400 = 0.03685306613295722
pearson_500 = 0.021886759911091968
pearson_600 = -0.05728092407352703
pearson_700 = -0.021952177152864228
pearson_800 = -0.00695197832029685
pearson_900 = 0.0224199489000879
spearmanr_100 = 0.01881352701045066
spearmanr_1000 = -0.08035148253321368
spearmanr_1100 = 0.03728421227530395
spearmanr_1200 = -0.010767428515739233
spearmanr_1300 = -0.05342500766317954
spearmanr_1400 = 0.059349905068430506
spearmanr_1500 = -0.05043985060734147
spearmanr_1600 = 0.05250825527045797
spearmanr_1700 = -0.04281817248062783
spearmanr_1800 = 0.0174400735056373
spearmanr_200 = 0.05194971113768968
spearmanr_300 = 0.02930650891537651
spearmanr_400 = 0.00042584343699154985
spearmanr_500 = 0.00939556861958703
spearmanr_600 = -0.05362309492956108
spearmanr_700 = -0.02726790244632994
spearmanr_800 = -0.01654957784267161
spearmanr_900 = -0.038929578207104756
