 official_exact_match = 70.36716314513336
 official_f1 = 90.40529634733964
