 official_exact_match = 70.22861101489435
 official_f1 = 90.18290299680963
