 official_exact_match = 70.07273986837548
 official_f1 = 89.97357558411235
