 official_exact_match = 70.6096293730516
 official_f1 = 90.114802828048
