 official_exact_match = 69.06823692414271
 official_f1 = 89.44195024794567
