 official_exact_match = 70.45375822653273
 official_f1 = 90.35286561474038
