acc_100 = 0.7255936675461742
acc_200 = 0.7387862796833773
acc_300 = 0.6926121372031663
acc_400 = 0.7678100263852242
acc_500 = 0.7968337730870713
acc_600 = 0.7678100263852242
acc_700 = 0.8179419525065963
acc_800 = 0.7783641160949868
acc_900 = 0.7941952506596306
