corr_100 = 0.7181294906643152
corr_1000 = 0.785568489911274
corr_1100 = 0.7810425493446427
corr_1200 = 0.7912284961349523
corr_1300 = 0.7829524335770297
corr_1400 = 0.7876203294801298
corr_1500 = 0.7921896982729644
corr_1600 = 0.7882879328735823
corr_1700 = 0.7865924424895199
corr_1800 = 0.7882733146623881
corr_200 = 0.7367758854001132
corr_300 = 0.7499641995449886
corr_400 = 0.7708371049394869
corr_500 = 0.7812161212395974
corr_600 = 0.7853776717425197
corr_700 = 0.7832975777454884
corr_800 = 0.7810407755753082
corr_900 = 0.777912652158212
pearson_100 = 0.7195233672736661
pearson_1000 = 0.7854427830084691
pearson_1100 = 0.7793576455197494
pearson_1200 = 0.7916426180293039
pearson_1300 = 0.7849284652694722
pearson_1400 = 0.7899678117672545
pearson_1500 = 0.7952762692229235
pearson_1600 = 0.789981064985431
pearson_1700 = 0.7882487408892715
pearson_1800 = 0.7899549004124801
pearson_200 = 0.7207225283111846
pearson_300 = 0.7437909167809585
pearson_400 = 0.767660094040833
pearson_500 = 0.7837764682214491
pearson_600 = 0.7879042590066251
pearson_700 = 0.7861749576468474
pearson_800 = 0.7819502675037078
pearson_900 = 0.7767122482748312
spearmanr_100 = 0.7167356140549643
spearmanr_1000 = 0.785694196814079
spearmanr_1100 = 0.782727453169536
spearmanr_1200 = 0.7908143742406006
spearmanr_1300 = 0.7809764018845871
spearmanr_1400 = 0.7852728471930052
spearmanr_1500 = 0.7891031273230054
spearmanr_1600 = 0.7865948007617338
spearmanr_1700 = 0.7849361440897682
spearmanr_1800 = 0.7865917289122962
spearmanr_200 = 0.7528292424890417
spearmanr_300 = 0.7561374823090188
spearmanr_400 = 0.7740141158381408
spearmanr_500 = 0.7786557742577456
spearmanr_600 = 0.7828510844784143
spearmanr_700 = 0.7804201978441293
spearmanr_800 = 0.7801312836469086
spearmanr_900 = 0.7791130560415928
