f1_1000 = 0.7974506392314092
f1_10000 = 0.8453207442377116
f1_11000 = 0.8517101875689591
f1_12000 = 0.8515586252502801
f1_13000 = 0.8539383404994968
f1_14000 = 0.8536975423245896
f1_15000 = 0.8545989725213449
f1_16000 = 0.8555301854050598
f1_17000 = 0.856122093768894
f1_18000 = 0.8560888304478048
f1_19000 = 0.8585412351291404
f1_2000 = 0.8220253069500245
f1_20000 = 0.8579133036588293
f1_21000 = 0.857871934204729
f1_22000 = 0.8588269751775646
f1_23000 = 0.8582448664732029
f1_24000 = 0.8595302370851927
f1_25000 = 0.8598815174596166
f1_3000 = 0.7298098341341286
f1_4000 = 0.7287512650698673
f1_5000 = 0.43230564514310205
f1_6000 = 0.715128637396467
f1_7000 = 0.6350482879719052
f1_8000 = 0.7807057206416957
f1_9000 = 0.8213542529878644
loss_1000 = 0.28336717734034633
loss_10000 = 0.23883861072466406
loss_11000 = 0.2475202868522053
loss_12000 = 0.25941968090097667
loss_13000 = 0.2747986532852683
loss_14000 = 0.28524441702265135
loss_15000 = 0.2797931760129794
loss_16000 = 0.30224449072085635
loss_17000 = 0.3037381136501339
loss_18000 = 0.3193579458854568
loss_19000 = 0.31912631614946985
loss_2000 = 0.24511114329519407
loss_20000 = 0.338774077699218
loss_21000 = 0.3389372300933784
loss_22000 = 0.33943885543816527
loss_23000 = 0.34620151616318123
loss_24000 = 0.3492665246758663
loss_25000 = 0.3535567662665542
loss_3000 = 0.36695314041325744
loss_4000 = 0.33015687029126667
loss_5000 = 0.6998231503325449
loss_6000 = 0.31788515750790985
loss_7000 = 0.39837234037023195
loss_8000 = 0.26881436520898844
loss_9000 = 0.2574836345205844
precision_1000 = 0.8198716702313824
precision_10000 = 0.8501526774409771
precision_11000 = 0.850802748080385
precision_12000 = 0.8497323850722194
precision_13000 = 0.8487670037099003
precision_14000 = 0.8524596182085169
precision_15000 = 0.8487797791981406
precision_16000 = 0.8489704176334106
precision_17000 = 0.8520787746170678
precision_18000 = 0.8493567675303497
precision_19000 = 0.8549211448598131
precision_2000 = 0.838651599310477
precision_20000 = 0.8607590245348751
precision_21000 = 0.8555160924169748
precision_22000 = 0.8540430334583318
precision_23000 = 0.8562946673996702
precision_24000 = 0.8574673897112707
precision_25000 = 0.8593755745964035
precision_3000 = 0.7298232695139911
precision_4000 = 0.7037722908093278
precision_5000 = 0.557922924671091
precision_6000 = 0.7118674984495276
precision_7000 = 0.6070361542851388
precision_8000 = 0.7672591539281906
precision_9000 = 0.8216417360548228
recall_1000 = 0.7762232612937668
recall_10000 = 0.8405434262361474
recall_11000 = 0.8526195648172011
recall_12000 = 0.8533927322263539
recall_13000 = 0.8591730790471632
recall_14000 = 0.8549390670446596
recall_15000 = 0.8604985088914252
recall_16000 = 0.8621921136924267
recall_17000 = 0.8602039689260337
recall_18000 = 0.8629284636059055
recall_19000 = 0.8621921136924267
recall_2000 = 0.8060454327896617
recall_20000 = 0.8550863370273554
recall_21000 = 0.8602407864217076
recall_22000 = 0.8636648135193844
recall_23000 = 0.8602039689260337
recall_24000 = 0.8616030337616435
recall_25000 = 0.8603880564044034
recall_3000 = 0.729796399248923
recall_4000 = 0.7555686462206841
recall_5000 = 0.35285887853908177
recall_6000 = 0.7184197930856743
recall_7000 = 0.665770774271934
recall_8000 = 0.794632009130739
recall_9000 = 0.8210669710246309
