corr_100 = 0.6870854262240262
corr_1000 = 0.7757879643116318
corr_1100 = 0.7831703756119625
corr_1200 = 0.7858808944079152
corr_1300 = 0.7803498265134781
corr_1400 = 0.7882411163792931
corr_1500 = 0.7855701067966798
corr_1600 = 0.7863576840193405
corr_1700 = 0.7875997514881994
corr_1800 = 0.78751851312112
corr_200 = 0.7554088788486407
corr_300 = 0.7809192401015335
corr_400 = 0.777578226647587
corr_500 = 0.7777713546113829
corr_600 = 0.7795821902897788
corr_700 = 0.7796596338640087
corr_800 = 0.7859944470349034
corr_900 = 0.7858096579624885
pearson_100 = 0.6695953387945724
pearson_1000 = 0.7763641855075039
pearson_1100 = 0.7838570952152702
pearson_1200 = 0.7867235452471025
pearson_1300 = 0.7822785808942528
pearson_1400 = 0.7901449542293497
pearson_1500 = 0.7872471467902644
pearson_1600 = 0.7884302109231374
pearson_1700 = 0.789899564883924
pearson_1800 = 0.789621726326656
pearson_200 = 0.7484970433455039
pearson_300 = 0.7819504132705812
pearson_400 = 0.7768720315027785
pearson_500 = 0.781874319616076
pearson_600 = 0.7827165994692735
pearson_700 = 0.7812698114929425
pearson_800 = 0.7880517882619101
pearson_900 = 0.7852973783172053
spearmanr_100 = 0.70457551365348
spearmanr_1000 = 0.7752117431157597
spearmanr_1100 = 0.7824836560086547
spearmanr_1200 = 0.7850382435687279
spearmanr_1300 = 0.7784210721327034
spearmanr_1400 = 0.7863372785292364
spearmanr_1500 = 0.7838930668030952
spearmanr_1600 = 0.7842851571155437
spearmanr_1700 = 0.7852999380924747
spearmanr_1800 = 0.785415299915584
spearmanr_200 = 0.7623207143517775
spearmanr_300 = 0.7798880669324858
spearmanr_400 = 0.7782844217923957
spearmanr_500 = 0.7736683896066899
spearmanr_600 = 0.776447781110284
spearmanr_700 = 0.778049456235075
spearmanr_800 = 0.7839371058078967
spearmanr_900 = 0.7863219376077718
