acc_10000 = 0.89022
acc_12000 = 0.89242
acc_14000 = 0.8914
acc_16000 = 0.89316
acc_18000 = 0.89378
acc_2000 = 0.88986
acc_4000 = 0.89588
acc_6000 = 0.89388
acc_8000 = 0.89232
