corr_100 = 0.7154579112101649
corr_1000 = 0.8149543006170061
corr_1100 = 0.8198869618526881
corr_1200 = 0.8203248801178629
corr_1300 = 0.8227394023609456
corr_1400 = 0.8234248209648465
corr_1500 = 0.8216259199261051
corr_1600 = 0.8229973472697653
corr_1700 = 0.8226497174442808
corr_1800 = 0.8222099658455461
corr_200 = 0.7993324120699887
corr_300 = 0.8121223366286459
corr_400 = 0.8144852114259146
corr_500 = 0.81562632759133
corr_600 = 0.8200354029509707
corr_700 = 0.8055090967350493
corr_800 = 0.8186206042150903
corr_900 = 0.8141385944854604
pearson_100 = 0.6976160173543645
pearson_1000 = 0.8150951844985395
pearson_1100 = 0.8215061698990435
pearson_1200 = 0.8204244411686361
pearson_1300 = 0.8238744772360033
pearson_1400 = 0.8251136235024773
pearson_1500 = 0.8234359357786255
pearson_1600 = 0.8244751762122776
pearson_1700 = 0.8237616412333347
pearson_1800 = 0.823450592822626
pearson_200 = 0.8007818265503618
pearson_300 = 0.8144673578186539
pearson_400 = 0.8165325971700483
pearson_500 = 0.8185407683027294
pearson_600 = 0.821859405986746
pearson_700 = 0.8080665687147702
pearson_800 = 0.8202219449476361
pearson_900 = 0.8158372901916447
spearmanr_100 = 0.7332998050659654
spearmanr_1000 = 0.8148134167354729
spearmanr_1100 = 0.8182677538063328
spearmanr_1200 = 0.8202253190670896
spearmanr_1300 = 0.821604327485888
spearmanr_1400 = 0.8217360184272157
spearmanr_1500 = 0.8198159040735846
spearmanr_1600 = 0.8215195183272529
spearmanr_1700 = 0.821537793655227
spearmanr_1800 = 0.8209693388684661
spearmanr_200 = 0.7978829975896156
spearmanr_300 = 0.809777315438638
spearmanr_400 = 0.8124378256817808
spearmanr_500 = 0.8127118868799306
spearmanr_600 = 0.8182113999151953
spearmanr_700 = 0.8029516247553283
spearmanr_800 = 0.8170192634825444
spearmanr_900 = 0.812439898779276
