acc_10000 = 0.89994
acc_12000 = 0.90318
acc_14000 = 0.90218
acc_16000 = 0.90274
acc_18000 = 0.9029
acc_2000 = 0.89746
acc_4000 = 0.90156
acc_6000 = 0.89872
acc_8000 = 0.90216
