corr_100 = 0.6742876596462759
corr_1000 = 0.7687655165780387
corr_1100 = 0.7780601795437361
corr_1200 = 0.7717870371930053
corr_1300 = 0.7704998344151529
corr_1400 = 0.7758058897369653
corr_1500 = 0.7764211732694108
corr_1600 = 0.7793332822138077
corr_1700 = 0.7791924196845214
corr_1800 = 0.7795544798488461
corr_200 = 0.7047193704253559
corr_300 = 0.7430164486002562
corr_400 = 0.7404724493135949
corr_500 = 0.7424432164949673
corr_600 = 0.7530540515318476
corr_700 = 0.7547485750265164
corr_800 = 0.7655927444694923
corr_900 = 0.7583598804767762
pearson_100 = 0.6700731528361932
pearson_1000 = 0.7730797678745404
pearson_1100 = 0.7816020544849216
pearson_1200 = 0.7778142745469347
pearson_1300 = 0.7755851164631488
pearson_1400 = 0.7798454671273056
pearson_1500 = 0.7809661142106419
pearson_1600 = 0.7837390280887973
pearson_1700 = 0.7838886332985765
pearson_1800 = 0.7843259789582488
pearson_200 = 0.7093305003206851
pearson_300 = 0.7465417784476303
pearson_400 = 0.7416911002871257
pearson_500 = 0.7412046175173287
pearson_600 = 0.7595045349935351
pearson_700 = 0.7602326571202307
pearson_800 = 0.7687249722224203
pearson_900 = 0.7622775959267899
spearmanr_100 = 0.6785021664563587
spearmanr_1000 = 0.7644512652815371
spearmanr_1100 = 0.7745183046025504
spearmanr_1200 = 0.7657597998390759
spearmanr_1300 = 0.765414552367157
spearmanr_1400 = 0.7717663123466251
spearmanr_1500 = 0.7718762323281799
spearmanr_1600 = 0.7749275363388183 *
spearmanr_1700 = 0.7744962060704662
spearmanr_1800 = 0.7747829807394432
spearmanr_200 = 0.7001082405300267
spearmanr_300 = 0.7394911187528821
spearmanr_400 = 0.7392537983400641
spearmanr_500 = 0.7436818154726058
spearmanr_600 = 0.7466035680701602
spearmanr_700 = 0.7492644929328022
spearmanr_800 = 0.7624605167165642
spearmanr_900 = 0.7544421650267623
