acc_12000 = 0.8151696606786427
acc_15000 = 0.8017964071856287
acc_18000 = 0.8101796407185629
acc_21000 = 0.8043912175648703
acc_24000 = 0.8063872255489022
acc_27000 = 0.8085828343313374
acc_3000 = 0.8211576846307386
acc_30000 = 0.8073852295409182
acc_6000 = 0.8191616766467066
acc_9000 = 0.819560878243513
