f1_1000 = 0.8136639237765266
f1_10000 = 0.8603074060157102
f1_11000 = 0.8595613972426602
f1_12000 = 0.8597541421699626
f1_13000 = 0.8603353959286162
f1_14000 = 0.860918189265235
f1_15000 = 0.8595682321824291
f1_16000 = 0.8642485569728497
f1_17000 = 0.8641066418883906
f1_18000 = 0.8636778523489932
f1_19000 = 0.8631375772956357
f1_2000 = 0.8367862378353556
f1_20000 = 0.8651946750644146
f1_21000 = 0.8657346157971896
f1_22000 = 0.8661673489087106
f1_23000 = 0.8663732961253624
f1_24000 = 0.8655740048973172
f1_25000 = 0.8676623330109953
f1_3000 = 0.8472304356396608
f1_4000 = 0.8478852945827696
f1_5000 = 0.8545483681427274
f1_6000 = 0.8571938338566943
f1_7000 = 0.8580106844860548
f1_8000 = 0.8575613066852418
f1_9000 = 0.8566759622728646
loss_1000 = 0.25341012675157737
loss_10000 = 0.28238255520102
loss_11000 = 0.30393848641657495
loss_12000 = 0.3143617938941633
loss_13000 = 0.3282150210629047
loss_14000 = 0.327329030339147
loss_15000 = 0.3389619924652744
loss_16000 = 0.3487535752880741
loss_17000 = 0.36098440726038433
loss_18000 = 0.36802154800421755
loss_19000 = 0.3689589521414797
loss_2000 = 0.22101924452983157
loss_20000 = 0.37236498988850014
loss_21000 = 0.38093641127499056
loss_22000 = 0.38844347986536965
loss_23000 = 0.3940955509602184
loss_24000 = 0.3942035866875044
loss_25000 = 0.39685573250475065
loss_3000 = 0.21777468562965663
loss_4000 = 0.23497293112983167
loss_5000 = 0.22033664059471075
loss_6000 = 0.23090172968280148
loss_7000 = 0.2545149269658075
loss_8000 = 0.2686684402361722
loss_9000 = 0.28501682801985406
precision_1000 = 0.816907022247989
precision_10000 = 0.8564608642986925
precision_11000 = 0.8540705514940734
precision_12000 = 0.8522534614297824
precision_13000 = 0.8585030604574578
precision_14000 = 0.8530491247882552
precision_15000 = 0.8546805032340608
precision_16000 = 0.8566786748604931
precision_17000 = 0.8590868715580032
precision_18000 = 0.8599992871654133
precision_19000 = 0.8582598805800398
precision_2000 = 0.8225061629804521
precision_20000 = 0.8613110081938012
precision_21000 = 0.8611466780480865
precision_22000 = 0.86144
precision_23000 = 0.8622703318615582
precision_24000 = 0.8607585937222282
precision_25000 = 0.8644733085926349
precision_3000 = 0.8447025192067179
precision_4000 = 0.8293060186299109
precision_5000 = 0.8466043393896631
precision_6000 = 0.850938717676231
precision_7000 = 0.8529359525416503
precision_8000 = 0.8521884207163395
precision_9000 = 0.8467048207576982
recall_1000 = 0.8104464735063628
recall_10000 = 0.8641886548278094
recall_11000 = 0.8651233014594867
recall_12000 = 0.8673880221439356
recall_13000 = 0.8621755697749659
recall_14000 = 0.8689337838809404
recall_15000 = 0.8645121863541592
recall_16000 = 0.8719534114602057
recall_17000 = 0.8691854195125458
recall_18000 = 0.8673880221439356
recall_19000 = 0.8680710331440075
recall_2000 = 0.8515709253001653
recall_20000 = 0.8691135236178015
recall_21000 = 0.8703717017758286
recall_22000 = 0.8709468689337839
recall_23000 = 0.8705154935653174
recall_24000 = 0.870443597670573
recall_25000 = 0.8708749730390395
recall_3000 = 0.8497735279315551
recall_4000 = 0.8673161262491912
recall_5000 = 0.8626428930908046
recall_6000 = 0.8635415917751097
recall_7000 = 0.8631461643540154
recall_8000 = 0.8630023725645266
recall_9000 = 0.8668847508807247
