acc_10000 = 0.91608
acc_12000 = 0.91576
acc_14000 = 0.916
acc_16000 = 0.91556
acc_18000 = 0.91568
acc_2000 = 0.9148
acc_4000 = 0.917
acc_6000 = 0.91618
acc_8000 = 0.9128
