acc_12000 = 0.6193612774451098
acc_15000 = 0.6109780439121757
acc_18000 = 0.6187624750499002
acc_21000 = 0.6129740518962076
acc_24000 = 0.612375249500998
acc_27000 = 0.6093812375249501
acc_3000 = 0.5730538922155689
acc_30000 = 0.6017964071856288
acc_6000 = 0.5992015968063872
acc_9000 = 0.6079840319361277
