acc_12000 = 0.7504990019960079
acc_15000 = 0.742315369261477
acc_18000 = 0.745309381237525
acc_21000 = 0.7487025948103793
acc_24000 = 0.7465069860279441
acc_27000 = 0.7463073852295409
acc_3000 = 0.7457085828343314
acc_30000 = 0.7417165668662674
acc_6000 = 0.7471057884231537
acc_9000 = 0.7500998003992015
