 official_exact_match = 69.60512642881885
 official_f1 = 89.42104136868763
