 official_exact_match = 68.86040872878421
 official_f1 = 88.62260425823136
