 official_exact_match = 65.81226186352615
 official_f1 = 86.45475712716534
