 official_exact_match = 68.99896085902321
 official_f1 = 89.05358123575769
