 official_exact_match = 69.20678905438172
 official_f1 = 89.09152174419408
