 official_exact_match = 67.8905438171112
 official_f1 = 88.13935199299455
