 official_exact_match = 69.63976446137859
 official_f1 = 89.41312998959974
