 official_exact_match = 64.96363006581227
 official_f1 = 88.23368043651818
