 official_exact_match = 63.006581226186356
 official_f1 = 86.93499393284296
