 official_exact_match = 64.54797367509525
 official_f1 = 88.19619574309347
