 official_exact_match = 64.06304121925875
 official_f1 = 87.8111246818702
