 official_exact_match = 63.68202286110149
 official_f1 = 87.72244999061216
