 official_exact_match = 64.68652580533426
 official_f1 = 88.22247745540083
