 official_exact_match = 51.7492206442674
 official_f1 = 77.1953315867464
