 official_exact_match = 64.028403186699
 official_f1 = 87.79686599649045
