 official_exact_match = 64.7904399030135
 official_f1 = 88.5099388925334
