 official_exact_match = 67.94250086595082
 official_f1 = 88.3953050744678
