 official_exact_match = 67.2497402147558
 official_f1 = 87.69001719948966
