 official_exact_match = 66.31451333564253
 official_f1 = 86.48549045721732
