 official_exact_match = 68.73917561482507
 official_f1 = 88.84675438643583
