 official_exact_match = 68.7218565985452
 official_f1 = 88.87986239768102
