 official_exact_match = 67.4575684101143
 official_f1 = 87.91011832317443
