 official_exact_match = 68.56598545202633
 official_f1 = 88.85589604117436
