 official_exact_match = 68.63526151714582
 official_f1 = 88.45910750748446
