acc_10000 = 0.50346
acc_12000 = 0.50346
acc_14000 = 0.50346
acc_16000 = 0.79946
acc_18000 = 0.8258
acc_2000 = 0.50346
acc_4000 = 0.50346
acc_6000 = 0.50346
acc_8000 = 0.50346
