f1_1000 = 0.6627375119772928
f1_10000 = 0.7671634232800406
f1_11000 = 0.7661983110075714
f1_12000 = 0.7694783473465329
f1_13000 = 0.7659019717901827
f1_14000 = 0.7693886368546122
f1_15000 = 0.7679367361610352
f1_16000 = 0.7652173913043478
f1_17000 = 0.7729622843459173
f1_18000 = 0.7727752815023003
f1_19000 = 0.7717207647843487
f1_2000 = 0.7203090938092622
f1_20000 = 0.7723671739480319
f1_21000 = 0.7745981402724718
f1_22000 = 0.7761478788315125
f1_23000 = 0.7764917649176492
f1_24000 = 0.7779554724982479
f1_25000 = 0.7788511702376455
f1_3000 = 0.7519907757719887
f1_4000 = 0.7621336751771535
f1_5000 = 0.7648042583035121
f1_6000 = 0.7646974527997706
f1_7000 = 0.7651752275153334
f1_8000 = 0.7622919852478185
f1_9000 = 0.7629056850359399
loss_1000 = 0.44428176443341755
loss_10000 = 0.47389588305647945
loss_11000 = 0.5110426553538148
loss_12000 = 0.5524298254872712
loss_13000 = 0.5675772327772328
loss_14000 = 0.5904993192410805
loss_15000 = 0.5921728594202391
loss_16000 = 0.6253388994176623
loss_17000 = 0.637197109595151
loss_18000 = 0.648495442430738
loss_19000 = 0.6533821032080852
loss_2000 = 0.3648347082272382
loss_20000 = 0.6802880705242426
loss_21000 = 0.7021057719076184
loss_22000 = 0.7204199664189782
loss_23000 = 0.7288449792794778
loss_24000 = 0.7357669690964928
loss_25000 = 0.7355106875930034
loss_3000 = 0.3309635117020405
loss_4000 = 0.32952767568574826
loss_5000 = 0.32491705388250486
loss_6000 = 0.3541127300598252
loss_7000 = 0.39030928217189415
loss_8000 = 0.4354442362214478
loss_9000 = 0.47261864660491404
precision_1000 = 0.6666302964175305
precision_10000 = 0.7719662226104681
precision_11000 = 0.7759713927597139
precision_12000 = 0.7741113981154728
precision_13000 = 0.7715880485936303
precision_14000 = 0.7706094482509918
precision_15000 = 0.7678815326001006
precision_16000 = 0.7541452857192725
precision_17000 = 0.7802234023072697
precision_18000 = 0.7696751417466035
precision_19000 = 0.7637202098074418
precision_2000 = 0.7104002796713861
precision_20000 = 0.7684779901071136
precision_21000 = 0.7766134277661343
precision_22000 = 0.7772250459608522
precision_23000 = 0.7776255543137326
precision_24000 = 0.7777458412675601
precision_25000 = 0.7795383341135799
precision_3000 = 0.7537561398439757
precision_4000 = 0.7550091717228729
precision_5000 = 0.7651757763304667
precision_6000 = 0.7621036846615252
precision_7000 = 0.7702619021600554
precision_8000 = 0.7629920409118738
precision_9000 = 0.7705140426780084
recall_1000 = 0.6588899273851463
recall_10000 = 0.7624200158170968
recall_11000 = 0.756668344237544
recall_12000 = 0.764900424185779
recall_13000 = 0.7602990869221368
recall_14000 = 0.7681716873966496
recall_15000 = 0.7679919476597886
recall_16000 = 0.7766194550291179
recall_17000 = 0.7658350708174563
recall_18000 = 0.7759004960816738
recall_19000 = 0.7798907182399885
recall_2000 = 0.7304982385505787
recall_20000 = 0.776295923502768
recall_21000 = 0.7725932849234308
recall_22000 = 0.7750736932921131
recall_23000 = 0.7753612768710907
recall_24000 = 0.7781652167661226
recall_25000 = 0.7781652167661226
recall_3000 = 0.7502336616579194
recall_4000 = 0.7693939176073046
recall_5000 = 0.7644331008699403
recall_6000 = 0.7673089366597168
recall_7000 = 0.7601552951326479
recall_8000 = 0.7615932130275361
recall_9000 = 0.7554461140268891
