corr_100 = 0.6738346997979985
corr_200 = 0.7105739507212291
corr_300 = 0.7293037375459634
corr_400 = 0.7312963066712169
corr_500 = 0.7297261832592163
corr_600 = 0.7316235213619493
corr_700 = 0.7323968401793282
corr_800 = 0.7381377978670486
corr_900 = 0.7385098866737494
pearson_100 = 0.6792374428108543
pearson_200 = 0.7197159160042095
pearson_300 = 0.7368690919408486
pearson_400 = 0.7395871255137043
pearson_500 = 0.7378980217384725
pearson_600 = 0.7401529087881314
pearson_700 = 0.739532321138546
pearson_800 = 0.7454276717096474
pearson_900 = 0.7459524400144467
spearmanr_100 = 0.6684319567851427
spearmanr_200 = 0.7014319854382487
spearmanr_300 = 0.7217383831510782
spearmanr_400 = 0.7230054878287295
spearmanr_500 = 0.72155434477996
spearmanr_600 = 0.7230941339357673
spearmanr_700 = 0.7252613592201105
spearmanr_800 = 0.7308479240244498
spearmanr_900 = 0.7310673333330522
