acc_12000 = 0.8035928143712575
acc_15000 = 0.8037924151696607
acc_18000 = 0.8019960079840319
acc_21000 = 0.7996007984031936
acc_24000 = 0.8029940119760479
acc_27000 = 0.8033932135728543
acc_3000 = 0.7880239520958083
acc_30000 = 0.8037924151696607
acc_6000 = 0.8025948103792415
acc_9000 = 0.8161676646706587
