corr_100 = 0.7584332939766487
corr_1000 = 0.8029055913550914
corr_1100 = 0.807505141659234
corr_1200 = 0.8049674310806153
corr_1300 = 0.8015488300612215
corr_1400 = 0.8069962985463115
corr_1500 = 0.8078291342051205
corr_1600 = 0.8076149620680477
corr_1700 = 0.8090695785611921
corr_1800 = 0.8096440966030589
corr_200 = 0.7872609914131041
corr_300 = 0.8022542091992972
corr_400 = 0.7951125508929872
corr_500 = 0.7983689103812148
corr_600 = 0.7985013740758635
corr_700 = 0.8058465557479472
corr_800 = 0.8139934413881593
corr_900 = 0.8059156063349816
pearson_100 = 0.7573859461577637
pearson_1000 = 0.8048246779952127
pearson_1100 = 0.8083088443952543
pearson_1200 = 0.8056548217288486
pearson_1300 = 0.8023989929684249
pearson_1400 = 0.808602558411994
pearson_1500 = 0.8099090569983854
pearson_1600 = 0.8091810930915293
pearson_1700 = 0.8110220380988706
pearson_1800 = 0.8113951447148098
pearson_200 = 0.7889965453111003
pearson_300 = 0.8043647251708299
pearson_400 = 0.7978884967236004
pearson_500 = 0.8004564433204338
pearson_600 = 0.8011437511527641
pearson_700 = 0.807781298992969
pearson_800 = 0.8164049600206222
pearson_900 = 0.8070181708540614
spearmanr_100 = 0.7594806417955339
spearmanr_1000 = 0.8009865047149701
spearmanr_1100 = 0.8067014389232139
spearmanr_1200 = 0.804280040432382
spearmanr_1300 = 0.800698667154018
spearmanr_1400 = 0.8053900386806291
spearmanr_1500 = 0.8057492114118554
spearmanr_1600 = 0.8060488310445663
spearmanr_1700 = 0.8071171190235137
spearmanr_1800 = 0.8078930484913079
spearmanr_200 = 0.7855254375151081
spearmanr_300 = 0.8001436932277645
spearmanr_400 = 0.7923366050623739
spearmanr_500 = 0.7962813774419959
spearmanr_600 = 0.7958589969989629
spearmanr_700 = 0.8039118125029253
spearmanr_800 = 0.8115819227556965
spearmanr_900 = 0.8048130418159019
