acc_100 = 0.9353562005277045
acc_200 = 0.9313984168865436
acc_300 = 0.9406332453825857
acc_400 = 0.9472295514511874
acc_500 = 0.9498680738786279
acc_600 = 0.941952506596306
acc_700 = 0.9538258575197889
acc_800 = 0.9498680738786279
acc_900 = 0.9485488126649076
