 official_exact_match = 69.34534118462071
 official_f1 = 90.13759862290179
