 official_exact_match = 69.31070315206097
 official_f1 = 89.97302411550257
