 official_exact_match = 69.41461724974022
 official_f1 = 90.12243722146842
