 official_exact_match = 69.12019397298234
 official_f1 = 89.48960112462305
