 official_exact_match = 69.5704883962591
 official_f1 = 90.26452989667035
