 official_exact_match = 66.88604087287843
 official_f1 = 87.89281349743374
