 official_exact_match = 69.03359889158295
 official_f1 = 90.01831590713014
