 official_exact_match = 69.63976446137859
 official_f1 = 90.26384808171788
