 official_exact_match = 0.06927606511950121
 official_f1 = 7.321854126468218
