 official_exact_match = 0.10391409767925182
 official_f1 = 7.085983916929538
