 official_exact_match = 0.017319016279875303
 official_f1 = 6.974901289723641
