 official_exact_match = 0.05195704883962591
 official_f1 = 6.353922965075684
