acc_12000 = 0.7792415169660679
acc_15000 = 0.779441117764471
acc_18000 = 0.774251497005988
acc_21000 = 0.7728542914171657
acc_24000 = 0.7724550898203593
acc_27000 = 0.7738522954091817
acc_3000 = 0.7598802395209581
acc_30000 = 0.7706586826347306
acc_6000 = 0.783433133732535
acc_9000 = 0.7894211576846307
