f1_1000 = 0.8071968095859445
f1_10000 = 0.852668047717694
f1_11000 = 0.8537123781833845
f1_12000 = 0.8536167172709412
f1_13000 = 0.854399030752236
f1_14000 = 0.8550608441570011
f1_15000 = 0.855555754654434
f1_16000 = 0.8554755534806888
f1_17000 = 0.8594496206455333
f1_18000 = 0.8583205453053068
f1_19000 = 0.8594609116145786
f1_2000 = 0.8291481330521541
f1_20000 = 0.8592991721381673
f1_21000 = 0.8579871123927516
f1_22000 = 0.8610594795539033
f1_23000 = 0.8621639016018307
f1_24000 = 0.8620498416730772
f1_25000 = 0.8628160785649004
f1_3000 = 0.8409419578297119
f1_4000 = 0.8431306206036863
f1_5000 = 0.8489371244057764
f1_6000 = 0.8486216518848977
f1_7000 = 0.8507542910380907
f1_8000 = 0.8495851912383862
f1_9000 = 0.8515588645881805
loss_1000 = 0.2605110308234121
loss_10000 = 0.30734109773602286
loss_11000 = 0.319562898135521
loss_12000 = 0.3323177590336598
loss_13000 = 0.34879963561682636
loss_14000 = 0.3539285107817448
loss_15000 = 0.36194917916412084
loss_16000 = 0.3747680831543157
loss_17000 = 0.37768452750964904
loss_18000 = 0.3987181383959005
loss_19000 = 0.39846008281472706
loss_2000 = 0.23123083442029818
loss_20000 = 0.41081592692455776
loss_21000 = 0.42260704955584566
loss_22000 = 0.4227742894854344
loss_23000 = 0.422554365136254
loss_24000 = 0.4278516169165222
loss_25000 = 0.4324116517960186
loss_3000 = 0.2288079410791397
loss_4000 = 0.24081476221621875
loss_5000 = 0.2338478403611922
loss_6000 = 0.24534276505591165
loss_7000 = 0.27651634938280345
loss_8000 = 0.29538501652193744
loss_9000 = 0.31005676888244255
precision_1000 = 0.8257567211881933
precision_10000 = 0.8472212364255802
precision_11000 = 0.8524425647826243
precision_12000 = 0.8482535851199773
precision_13000 = 0.8470043803871697
precision_14000 = 0.8476456250662333
precision_15000 = 0.8529422273035836
precision_16000 = 0.8546008968609865
precision_17000 = 0.8617324997289582
precision_18000 = 0.8521471088435374
precision_19000 = 0.8564086090587857
precision_2000 = 0.8176575443011429
precision_20000 = 0.853028692879915
precision_21000 = 0.8497884344146686
precision_22000 = 0.8562237861662045
precision_23000 = 0.8575645493989615
precision_24000 = 0.8580433776131628
precision_25000 = 0.8602723081871136
precision_3000 = 0.8353492001560671
precision_4000 = 0.8354095352366164
precision_5000 = 0.8472804096394171
precision_6000 = 0.8392687642819476
precision_7000 = 0.8480497213887698
precision_8000 = 0.8398131563235346
precision_9000 = 0.8479469632164243
recall_1000 = 0.789452872240995
recall_10000 = 0.8581853476166511
recall_11000 = 0.8549859803005249
recall_12000 = 0.859048098353584
recall_13000 = 0.8619239341433604
recall_14000 = 0.8626069451434323
recall_15000 = 0.8581853476166511
recall_16000 = 0.8563520023006687
recall_17000 = 0.8571788050902294
recall_18000 = 0.8645840822489036
recall_19000 = 0.8625350492486878
recall_2000 = 0.8409662808253648
recall_20000 = 0.8656625206700698
recall_21000 = 0.8663455316701416
recall_22000 = 0.8659501042490474
recall_23000 = 0.8668128549859803
recall_24000 = 0.8660938960385361
recall_25000 = 0.8653749370910921
recall_3000 = 0.8466101085628011
recall_4000 = 0.8509957581422101
recall_5000 = 0.8506003307211158
recall_6000 = 0.8581853476166511
recall_7000 = 0.8534761665108922
recall_8000 = 0.8595873175641671
recall_9000 = 0.855201667984758
