corr_100 = 0.4986172912340094
corr_1000 = 0.10163177349707786
corr_1100 = 0.08503373777883576
corr_1200 = 0.07816338639404546
corr_1300 = 0.04013795314979131
corr_1400 = 0.09190180038128345
corr_1500 = 0.10005804267809906
corr_1600 = 0.10188632297270955
corr_1700 = 0.09825757336380823
corr_1800 = 0.1096742781538784
corr_200 = -0.13733749304223153
corr_300 = -0.1313947540564021
corr_400 = -0.09007043635298773
corr_500 = -0.0869444930488665
corr_600 = -0.055516105631389756
corr_700 = -0.026968792002000603
corr_800 = 0.01741751482072091
corr_900 = 0.06460338583227379
pearson_100 = 0.4659796844091796
pearson_1000 = 0.09027539151099198
pearson_1100 = 0.08656495969220011
pearson_1200 = 0.0745846123620988
pearson_1300 = 0.0348817630610507
pearson_1400 = 0.09441117981725482
pearson_1500 = 0.0994273082405117
pearson_1600 = 0.10055252333285128
pearson_1700 = 0.09846554255253832
pearson_1800 = 0.1072580329607108
pearson_200 = -0.14071635190740925
pearson_300 = -0.12507223742529106
pearson_400 = -0.10682969204913112
pearson_500 = -0.10939456847000964
pearson_600 = -0.09530634535404221
pearson_700 = -0.08031679328449208
pearson_800 = -0.029425652860830834
pearson_900 = 0.03698739429318149
spearmanr_100 = 0.5312548980588392
spearmanr_1000 = 0.11298815548316375
spearmanr_1100 = 0.0835025158654714
spearmanr_1200 = 0.08174216042599212
spearmanr_1300 = 0.04539414323853192
spearmanr_1400 = 0.08939242094531209
spearmanr_1500 = 0.10068877711568641
spearmanr_1600 = 0.10322012261256783
spearmanr_1700 = 0.09804960417507814
spearmanr_1800 = 0.11209052334704597
spearmanr_200 = -0.13395863417705384
spearmanr_300 = -0.1377172706875132
spearmanr_400 = -0.07331118065684435
spearmanr_500 = -0.06449441762772339
spearmanr_600 = -0.015725865908737303
spearmanr_700 = 0.026379209280490874
spearmanr_800 = 0.06426068250227265
spearmanr_900 = 0.09221937737136608
