acc_10000 = 0.91334
acc_12000 = 0.91066
acc_14000 = 0.91146
acc_16000 = 0.9123
acc_18000 = 0.9122
acc_2000 = 0.91032
acc_4000 = 0.90974
acc_6000 = 0.91048
acc_8000 = 0.9126
