acc_10000 = 0.91286
acc_12000 = 0.91332
acc_14000 = 0.91266
acc_16000 = 0.91326
acc_18000 = 0.914
acc_2000 = 0.91218
acc_4000 = 0.91512
acc_6000 = 0.9148
acc_8000 = 0.91348
