acc_12000 = 0.793812375249501
acc_15000 = 0.7954091816367266
acc_18000 = 0.7922155688622754
acc_21000 = 0.7840319361277445
acc_24000 = 0.7856287425149701
acc_27000 = 0.7890219560878243
acc_3000 = 0.780439121756487
acc_30000 = 0.7886227544910179
acc_6000 = 0.7940119760479042
acc_9000 = 0.7952095808383234
